ID,PVP1V1Rate,PVP1V1AddHPRate,DynamicAtt,MAX_HP,HP_RATE,HP_RECOVER,EnergyRecoverRate,ATTACK,ATK_RATE,DEFENSE,DEF_RATE,RESILIENCE,Penetration_RATE,SPEED,Walk_Speed,SPD_RATE,ATK_SPEED,CRT_RATE,CRT_DMG_Rate,CRT_Resist_Rate,WEIGHT,VAMPIRE,VAMPIRE_Value,BONUS_SKILL,Scale,DamageReduce,HitFlyValue,IRT_VALUE,Friction,ImmunityStatusAnimationLimitType
110000,,,,16,,,,2,,,,,,,,,,,,,,,,,,,,,,
110001,,,,32,,,,4,,,,,,,,,,,,,,,,,,,,,,
110002,,,,47,,,,6,,,,,,,,,,,,,,,,,,,,,,
110003,,,,63,,,,8,,,,,,,,,,,,,,,,,,,,,,
110004,,,,79,,,,9,,,,,,,,,,,,,,,,,,,,,,
110005,,,,95,,,,11,,,,,,,,,,,,,,,,,,,,,,
110006,,,,111,,,,13,,,,,,,,,,,,,,,,,,,,,,
110007,,,,126,,,,15,,,,,,,,,,,,,,,,,,,,,,
110008,,,,142,,,,17,,,,,,,,,,,,,,,,,,,,,,
110009,,,,158,,,,19,,,,,,,,,,,,,,,,,,,,,,
110010,,,,25,,,,3,,,,,,,,,,,,,,,,,,,,,,
110011,,,,49,,,,6,,,,,,,,,,,,,,,,,,,,,,
110012,,,,74,,,,9,,,,,,,,,,,,,,,,,,,,,,
110013,,,,98,,,,12,,,,,,,,,,,,,,,,,,,,,,
110014,,,,123,,,,15,,,,,,,,,,,,,,,,,,,,,,
110015,,,,147,,,,18,,,,,,,,,,,,,,,,,,,,,,
110016,,,,172,,,,21,,,,,,,,,,,,,,,,,,,,,,
110017,,,,197,,,,24,,,,,,,,,,,,,,,,,,,,,,
110018,,,,221,,,,26,,,,,,,,,,,,,,,,,,,,,,
110019,,,,246,,,,29,,,,,,,,,,,,,,,,,,,,,,
110020,,,,182,,,,22,,,,,,,,,,,,,,,,,,,,,,
110021,,,,205,,,,25,,,,,,,,,,,,,,,,,,,,,,
110022,,,,229,,,,27,,,,,,,,,,,,,,,,,,,,,,
110023,,,,253,,,,30,,,,,,,,,,,,,,,,,,,,,,
110024,,,,276,,,,33,,,,,,,,,,,,,,,,,,,,,,
110025,,,,283,,,,34,,,,,,,,,,,,,,,,,,,,,,
110026,,,,319,,,,38,,,,,,,,,,,,,,,,,,,,,,
110027,,,,356,,,,43,,,,,,,,,,,,,,,,,,,,,,
110028,,,,393,,,,47,,,,,,,,,,,,,,,,,,,,,,
110029,,,,430,,,,51,,,,,,,,,,,,,,,,,,,,,,
110030,,,,50,,,,5,,,,,,,,,,,,,,,,,,,,,,
110031,,,,100,,,,10,,,,,,,,,,,,,,,,,,,,,,
110032,,,,150,,,,15,,,,,,,,,,,,,,,,,,,,,,
110033,,,,250,,,,25,,,,,,,,,,,,,,,,,,,,,,
110034,,,,400,,,,40,,,,,,,,,,,,,,,,,,,,,,
110043,,,,600,,,,60,,,,,,,,,,,,,,,,,,,,,,
110044,,,,1000,,,,90,,,,,,,,,,,,,,,,,,,,,,
110035,,,,50,,,,5,,,,,,,,,,,,,,,,,,,,,,
110036,,,,100,,,,10,,,,,,,,,,,,,,,,,,,,,,
110037,,,,150,,,,15,,,,,,,,,,,,,,,,,,,,,,
110038,,,,250,,,,25,,,,,,,,,,,,,,,,,,,,,,
110039,,,,400,,,,40,,,,,,,,,,,,,,,,,,,,,,
110040,,,,600,,,,60,,,,,,,,,,,,,,,,,,,,,,
110041,,,,1000,,,,90,,,,,,,,,,,,,,,,,,,,,,
110042,,,,1500,,,,130,,,,,,,,,,,,,,,,,,,,,,
120000,,,,,,,,,0.02,,,,,,,,,,,,,,,,,,,,,
120001,,,,,,,,,0.03,,,,,,,,,,,,,,,,,,,,,
120002,,,,,,,,,0.05,,,,,,,,,,,,,,,,,,,,,
120003,,,,,,,,,,,,,,,,,,0.03,,,,,,,,,,,,
120004,,,,,,,,,,,,,,,,,,0.06,,,,,,,,,,,,
120005,,,,,,,,,,,,,,,,,,0.1,,,,,,,,,,,,
120006,,,,,,,,,,,,,,,,,,,0.12,,,,,,,,,,,
120007,,,,,,,,,,,,,,,,,,,0.24,,,,,,,,,,,
120008,,,,,,,,,,,,,,,,,,,0.4,,,,,,,,,,,
120009,,,,,,,,,,,,,0.06,,,,,,,,,,,,,,,,,
120010,,,,,,,,,,,,,0.12,,,,,,,,,,,,,,,,,
120011,,,,,,,,,,,,,0.2,,,,,,,,,,,,,,,,,
120012,,,,,0.02,,,,,,,,,,,,,,,,,,,,,,,,,
120013,,,,,0.03,,,,,,,,,,,,,,,,,,,,,,,,,
120014,,,,,0.05,,,,,,,,,,,,,,,,,,,,,,,,,
120015,,,,,,,,,,,0.05,,,,,,,,,,,,,,,,,,,
120016,,,,,,,,,,,0.09,,,,,,,,,,,,,,,,,,,
120017,,,,,,,,,,,0.15,,,,,,,,,,,,,,,,,,,
120018,,,,,,,,,,,,,,,,0.02,,,,,,,,,,,,,,
120019,,,,,,,,,,,,,,,,0.05,,,,,,,,,,,,,,
120020,,,,,,,,,,,,,,,,0.08,,,,,,,,,,,,,,
120021,,,,,,,,,,,,,,,,,,,,0.027,,,,,,,,,,
120022,,,,,,,,,,,,,,,,,,,,0.054,,,,,,,,,,
120023,,,,,,,,,,,,,,,,,,,,0.09,,,,,,,,,,
120024,,,,,,,,,,,,,,,,,,,,,,0.024,,,,,,,,
120025,,,,,,,,,,,,,,,,,,,,,,0.048,,,,,,,,
120026,,,,,,,,,,,,,,,,,,,,,,0.08,,,,,,,,
120027,,,,,,,,,,,,,,,,,0.024,,,,,,,,,,,,,
120028,,,,,,,,,,,,,,,,,0.048,,,,,,,,,,,,,
120029,,,,,,,,,,,,,,,,,0.08,,,,,,,,,,,,,
120030,,,,,,,0.5,,,,,,,,,,,,,,,,,,,,,,,
120031,,,,,,,1,,,,,,,,,,,,,,,,,,,,,,,
120032,,,,,,,1.5,,,,,,,,,,,,,,,,,,,,,,,
120033,,,,,,5,,,,,,,,,,,,,,,,,,,,,,,,
120034,,,,,,10,,,,,,,,,,,,,,,,,,,,,,,,
120035,,,,,,15,,,,,,,,,,,,,,,,,,,,,,,,
120036,,,,,,,,,,,,0.09,,,,,,,,,,,,,,,,,,
120037,,,,,,,,,,,,0.18,,,,,,,,,,,,,,,,,,
120038,,,,,,,,,,,,0.3,,,,,,,,,,,,,,,,,,
120039,,,,,,,,,0.04,,,,,,,,,,,,,,,,,,,,,
120040,,,,,,,,,0.05,,,,,,,,,,,,,,,,,,,,,
120041,,,,,,,,,0.07,,,,,,,,,,,,,,,,,,,,,
120042,,,,,0.06,,,,,,,,,,,,,,,,,,,,,,,,,
120043,,,,,0.09,,,,,,,,,,,,,,,,,,,,,,,,,
120044,,,,,0.12,,,,,,,,,,,,,,,,,,,,,,,,,
120045,,,,,,,,,0.04,,,,,,,,,,,,,,,,,,,,,
120046,,,,,,,,,0.05,,,,,,,,,,,,,,,,,,,,,
120047,,,,,,,,,0.07,,,,,,,,,,,,,,,,,,,,,
120048,,,,,,,,,0.07,,,,,,,,,,,,,,,,,,,,,
120049,,,,,,,,,,,,,,,,,,0.14,,,,,,,,,,,,
120050,,,,,,,,,,,,,,,,,,,0.56,,,,,,,,,,,
120051,,,,,,,,,,,,,0.28,,,,,,,,,,,,,,,,,
120052,,,,,0.07,,,,,,,,,,,,,,,,,,,,,,,,,
120053,,,,,,,,,,,0.21,,,,,,,,,,,,,,,,,,,
120054,,,,,,,,,,,,,,,,0.11,,,,,,,,,,,,,,
120055,,,,,,,,,,,,,,,,,,,,0.126,,,,,,,,,,
120056,,,,,,,,,0.09,,,,,,,,,,,,,,,,,,,,,
120057,,,,,0.18,,,,,,,,,,,,,,,,,,,,,,,,,
120058,,,,,,,,,0.09,,,,,,,,,,,,,,,,,,,,,
120059,,,,,0.06,,,,,,,,,,,,,,,,,,,,,,,,,
120060,,,,,0.09,,,,,,,,,,,,,,,,,,,,,,,,,
120061,,,,,0.12,,,,,,,,,,,,,,,,,,,,,,,,,
120062,,,,,0.18,,,,,,,,,,,,,,,,,,,,,,,,,
120063,,,,,0.06,,,,,,,,,,,,,,,,,,,,,,,,,
120064,,,,,0.09,,,,,,,,,,,,,,,,,,,,,,,,,
120065,,,,,0.12,,,,,,,,,,,,,,,,,,,,,,,,,
120066,,,,,0.18,,,,,,,,,,,,,,,,,,,,,,,,,
120067,0.03,,,,0.06,,,,0.03,,,,,,,,,,,,,,,,,,,,,
120068,0.05,,,,0.1,,,,0.05,,,,,,,,,,,,,,,,,,,,,
120069,0.07,,,,0.14,,,,0.07,,,,,,,,,,,,,,,,,,,,,
120070,0.1,,,,0.2,,,,0.1,,,,,,,,,,,,,,,,,,,,,
120071,0.15,,,,0.3,,,,0.15,,,,,,,,,,,,,,,,,,,,,
120072,0.2,,,,0.4,,,,0.2,,,,,,,,,,,,,,,,,,,,,
120075,0.25,,,,0.5,,,,0.25,,,,,,,,,,,,,,,,,,,,,
120076,0.3,,,,0.6,,,,0.3,,,,,,,,,,,,,,,,,,,,,
120073,,,,,0.1,,,,,,0.15,,,,,,,,,,,,,,,,,,,
120074,,,,,0.2,,,,,,0.3,,,,,,,,,,,,,,,,,,,
130000,,,,,,,,,0.03,,,,,,,,,,,,,,,,,,,,,
130001,,,,,,,,,0.05,,,,,,,,,,,,,,,,,,,,,
130002,,,,,,,,,0.08,,,,,,,,,,,,,,,,,,,,,
130003,,,,,,,,,,,,,,,,,,,,,,,,130003,,,,,,
130004,,,,,,,,,,,,,,,,,,,,,,,,130004,,,,,,
130005,,,,,,,,,,,,,,,,,,,,,,,,130005,,,,,,
130006,,,,,,,,,,,,,,,,0.03,,,,,,,,,,,,,,
130007,,,,,,,,,,,,,,,,0.06,,,,,,,,,,,,,,
130008,,,,,,,,,,,,,,,,0.1,,,,,,,,,,,,,,
130009,,,,,,,,,,,,,,,,,,,,,,,,130009,,,,,,
130010,,,,,,,,,,,,,,,,,,,,,,,,130010,,,,,,
130011,,,,,,,,,,,,,,,,,,,,,,,,130011,,,,,,
130012,,,,,,,,,,,0.05,,,,,,,0.05,,,,,,,,,,,,
130013,,,,,,,,,,,0.1,,,,,,,0.07,,,,,,,,,,,,
130014,,,,,,,,,,,0.15,,,,,,,0.12,,,,,,,,,,,,
130015,,,,,,,,,,,,,,,,,,,,,,,,130015,,,,,,
130016,,,,,,,,,,,,,,,,,,,,,,,,130016,,,,,,
130017,,,,,,,,,,,,,,,,,,,,,,,,130017,,,,,,
130018,,,,,0.03,,,,,,,,,,,,,,,,,,,,,,,,,
130019,,,,,0.05,,,,,,,,,,,,,,,,,,,,,,,,,
130020,,,,,0.08,,,,,,,,,,,,,,,,,,,,,,,,,
130021,,,,,,,,,,,,,,,,,,,,,,,,130021,,,,,,
130022,,,,,,,,,,,,,,,,,,,,,,,,130022,,,,,,
130023,,,,,,,,,,,,,,,,,,,,,,,,130023,,,,,,
130024,,,,,,,,,,,,,,,,,,,0.15,,,,,,,,,,,
130025,,,,,,,,,,,,,,,,,,,0.3,,,,,,,,,,,
130026,,,,,,,,,,,,,,,,,,,0.5,,,,,,,,,,,
130027,,,,,,,,,,,,,,,,,,,,,,,,130027,,,,,,
130028,,,,,,,,,,,,,,,,,,,,,,,,130028,,,,,,
130029,,,,,,,,,,,,,,,,,,,,,,,,130029,,,,,,
130030,,,,,,,0.5,,,,,,,,,,,,,,,,,,,,,,,
130031,,,,,,,1,,,,,,,,,,,,,,,,,,,,,,,
130032,,,,,,,1.5,,,,,,,,,,,,,,,,,,,,,,,
130033,,,,,,,,,,,,,,,,,,,,,,,,130033,,,,,,
130034,,,,,,,,,,,,,,,,,,,,,,,,130034,,,,,,
130035,,,,,,,,,,,,,,,,,,,,,,,,130035,,,,,,
130036,,,,,0.03,,,,,,,,,,,,,,,,,,,,,,,,,
130037,,,,,0.05,,,,,,,,,,,,,,,,,,,,,,,,,
130038,,,,,0.08,,,,,,,,,,,,,,,,,,,,,,,,,
130039,,,,,,,,,,,,,,,,,,,,,,,,130039,,,,,,
130040,,,,,,,,,,,,,,,,,,,,,,,,130040,,,,,,
130041,,,,,,,,,,,,,,,,,,,,,,,,130041,,,,,,
130042,,,,,,,,,0.03,,,,,,,,,,,,,,,,,,,,,
130043,,,,,,,,,0.05,,,,,,,,,,,,,,,,,,,,,
130044,,,,,,,,,0.08,,,,,,,,,,,,,,,,,,,,,
130045,,,,,,,,,,,,,,,,,,,,,,,,130045,,,,,,
130046,,,,,,,,,,,,,,,,,,,,,,,,130046,,,,,,
130047,,,,,,,,,,,,,,,,,,,,,,,,130047,,,,,,
130048,,,,,,,,,,,,,,,,,,,0.15,,,,,,,,,,,
130049,,,,,,,,,,,,,,,,,,,0.3,,,,,,,,,,,
130050,,,,,,,,,,,,,,,,,,,0.5,,,,,,,,,,,
130051,,,,,,,,,,,,,,,,,,,,,,,,130051,,,,,,
130052,,,,,,,,,,,,,,,,,,,,,,,,130052,,,,,,
130053,,,,,,,,,,,,,,,,,,,,,,,,130053,,,,,,
130054,,,,,0.03,,,,,,,,,,,,,,,,,,,,,,,,,
130055,,,,,0.05,,,,,,,,,,,,,,,,,,,,,,,,,
130056,,,,,0.08,,,,,,,,,,,,,,,,,,,,,,,,,
130057,,,,,,,,,,,,,,,,,,,,,,,,130057,,,,,,
130058,,,,,,,,,,,,,,,,,,,,,,,,130058,,,,,,
130059,,,,,,,,,,,,,,,,,,,,,,,,130059,,,,,,
130060,,,,,0.03,,,,,,,,,,,,,,,,,,,,,,,,,
130061,,,,,0.05,,,,,,,,,,,,,,,,,,,,,,,,,
130062,,,,,0.08,,,,,,,,,,,,,,,,,,,,,,,,,
130063,,,,,,,,,,,,,,,,,,,,,,,,130063,,,,,,
130064,,,,,,,,,,,,,,,,,,,,,,,,130064,,,,,,
130065,,,,,,,,,,,,,,,,,,,,,,,,130065,,,,,,
130066,,,,,,,,,0.11,,,,,,,,,,,,,,,,,,,,,
130067,,,,,,,,,0.03,,,,,,,,,,,,,,,130067,,,,,,
130068,,,,,,,,,,,,,,,,0.14,,,,,,,,,,,,,,
130069,,,,,,,,,,,,,,,,,,,,,,,,130069,,,,,,
130070,,,,,,,,,,,0.2,,,,,,,0.17,,,,,,,,,,,,
130071,,,,,0.03,,,,,,,,,,,,,,,,,,,130071,,,,,,
130072,,,,,0.11,,,,,,,,,,,,,,,,,,,,,,,,,
130073,,,,,,,,,,,,,,,,,,,,,,,,130073,,,,,,
130074,,,,,,,,,,,,,,,,,,,0.7,,,,,,,,,,,
130075,,,,,,,,,0.03,,,,,,,,,,,,,,,130075,,,,,,
130076,,,,,,,1.5,,,,,,,,,,,0.05,,,,,,,,,,,,
130077,,,,,,,,,0.03,,,,,,,,,,,,,,,130077,,,,,,
130078,,,,,0.11,,,,,,,,,,,,,,,,,,,,,,,,,
130079,,,,,,,,,,,,,,,,,,,,,,,,130079,,,,,,
130080,,,,,,,,,0.11,,,,,,,,,,,,,,,,,,,,,
130081,,,,,,,,,0.03,,,,,,,,,,,,,,,130081,,,,,,
130082,,,,,,,,,,,,,,,,,,,0.7,,,,,,,,,,,
130083,,,,,,,,,,,,,,,,,,,,,,,,130083,,,,,,
130084,,,,,0.11,,,,,,,,,,,,,,,,,,,,,,,,,
130085,,,,,,,,,0.03,,,,,,,,,,,,,,,130085,,,,,,
130086,,,,,0.11,,,,,,,,,,,,,,,,,,,,,,,,,
130087,,,,,,,,,,,,,,,,,,,,,,,,130087,,,,,,
130088,,,,,,,,,0.03,,,,,,,,,,,,,,,,,,,,,
130089,,,,,,,,,0.05,,,,,,,,,,,,,,,,,,,,,
130090,,,,,,,,,0.03,,,,,,,,,,,,,,,,,,,,,
130091,,,,,,,,,0.05,,,,,,,,,,,,,,,,,,,,,
130092,,,,,,,,,0.03,,,,,,,,,,,,,,,,,,,,,
130093,,,,,,,,,0.05,,,,,,,,,,,,,,,,,,,,,
130094,,,,,0.02,,,,0.02,,,,,,,,,,,,,,,,,,,,,
130095,,,,,0.03,,,,0.03,,,,,,,,,,,,,,,,,,,,,
130096,,,,,0.05,,,,0.05,,,,,,,,,,,,,,,,,,,,,
130097,,,,,0.07,,,,0.07,,,,,,,,,,,,,,,,,,,,,
130098,,,,,,,,,,,,,,,,,,,,,,,,130098,,,,,,
130099,,,,,,,,,,,,,,,,,,,,,,,,130099,,,,,,
130100,,,,,,,,,,,,,,,,,,,,,,,,130100,,,,,,
130101,,,,,,,,,,,,,,,,,,,,,,,,130101,,,,,,
130102,,,,,0.1,,,,0.05,,0.1,,,,,,,,,,,,,,,,,,,
130103,,,,,0.2,,,,0.1,,0.2,,,,,,,,,,,,,,,,,,,
131104,,,,,0.3,,,,0.15,,0.3,,,,,,,,,,,,,,,,,,,
130104,,,,,,,,,,,,,,,,,,,,,,,,130104,,,,,,
130105,,,,,,,,,,,,,,,,,,,,,,,,130105,,,,,,
130106,,,,,,,,,,,,,,,,,,,,,,,,130106,,,,,,
130107,,,,,,,,,,,,,,,,,,,,,,,,130107,,,,,,
130108,,,,,,,,,,,,,,,,,,,,,,,,130108,,,,,,
130109,,,,,,,,,,,,,,,,,,,,,,,,130109,,,,,,
130110,,,,,,,,,,,,,,,,,,,,,,,,130110,,,,,,
130111,,,,,,,,,,,,,,,,,,,,,,,,130111,,,,,,
130112,,,,,,,,,0.02,,,,,,,,,0.03,,,,,,,,,,,,
130113,,,,,,,,,0.03,,,,,,,,,0.05,,,,,,,,,,,,
130114,,,,,,,,,0.05,,,,,,,,,0.08,,,,,,,,,,,,
130115,,,,,,,,,0.07,,,,,,,,,0.11,,,,,,,,,,,,
130116,,,,,,,,,0.03,,,,,,,,,,,,,,,130116,,,,,,
130117,,,,,,,,,0.05,,,,,,,,,,,,,,,130117,,,,,,
130118,,,,,,,,,0.05,,,,,,,,,,,,,,,130118,,,,,,
130119,,,,,,,,,0.08,,,,,,,,,,,,,,,130119,,,,,,
130120,,,,,,,,,,,,,,,,,,,,,,,,130120,,,,,,
130121,,,,,,,,,,,,,,,,,,,,,,,,130121,,,,,,
130122,,,,,,,,,,,,,,,,,,,,,,,,130122,,,,,,
130123,,,,,,,,,,,,,,,,,,,,,,,,130123,,,,,,
130124,,,,,,,0.2,,0.03,,,,,,,,,,,,,,,,,,,,,
130125,,,,,,,0.3,,0.05,,,,,,,,,,,,,,,,,,,,,
130126,,,,,,,0.4,,0.08,,,,,,,,,,,,,,,,,,,,,
130127,,,,,,,0.5,,0.11,,,,,,,,,,,,,,,,,,,,,
130128,,,,,,,,,0.08,,,,,,,,,,,,,,,,,,,,,
130129,,,,,,,,,0.02,,0.03,,,,,,,,,,,,,,,,,,,
130130,,,,,,,,,0.03,,0.05,,,,,,,,,,,,,,,,,,,
130131,,,,,,,,,0.05,,0.08,,,,,,,,,,,,,,,,,,,
130132,,,,,,,,,0.07,,0.11,,,,,,,,,,,,,,,,,,,
130133,,,,,,,,,,,,,,,,,,,,,,,,130133,,,,,,
130134,,,,,,,,,,,,,,,,,,,,,,,,130134,,,,,,
130135,,,,,,,,,,,,,,,,,,,,,,,,130135,,,,,,
130136,,,,,,,,,,,,,,,,,,,,,,,,130136,,,,,,
130137,,,,,0.02,,,,0.02,,,,,,,,,,,,,,,,,,,,,
130138,,,,,0.03,,,,0.03,,,,,,,,,,,,,,,,,,,,,
130139,,,,,0.05,,,,0.05,,,,,,,,,,,,,,,,,,,,,
130140,,,,,0.07,,,,0.07,,,,,,,,,,,,,,,,,,,,,
130141,,,,,,,,,0.03,,,,,,,,,,,,,,,130141,,,,,,
130142,,,,,,,,,0.05,,,,,,,,,,,,,,,130142,,,,,,
130143,,,,,,,,,0.05,,,,,,,,,,,,,,,130143,,,,,,
130144,,,,,,,,,0.08,,,,,,,,,,,,,,,130144,,,,,,
130145,,,,,,,,,,,,,,,,,,,,,,,,130145,,,,,,
130146,,,,,,,,,,,,,,,,,,,,,,,,130146,,,,,,
130147,,,,,,,,,,,,,,,,,,,,,,,,130147,,,,,,
130148,,,,,,,,,,,,,,,,,,,,,,,,130148,,,,,,
130149,,,,,,,,,,,,,,,,,,,,,,,,130149,,,,,,
130150,,,,,,,,,,,,,,,,,,,,,,,,130150,,,,,,
130151,,,,,,,,,,,,,,,,,,,,,,,,130151,,,,,,
130152,,,,,,,,,,,,,,,,,,,,,,,,130152,,,,,,
130153,,,,,,,,,,,,,,,,,,,,,,,,130153,,,,,,
130154,,,,,,,,,,,,,,,,,,,,,,,,130154,,,,,,
130155,,,,,,,,,,,,,,,,,,,,,,,,130155,,,,,,
130156,,,,,,,,,,,,,,,,,,,,,,,,130156,,,,,,
130157,,,,,,,,,,,,,,,,,,,,,,,,130157,,,,,,
130158,,,,,,,,,,,,,,,,,,,,,,,,130158,,,,,,
130159,,,,,,,,,,,,,,,,,,,,,,,,130159,,,,,,
130160,,,,,,,,,,,,,,,,,,,,,,,,130160,,,,,,
130161,,,,,,,,,,,,,,,,,,,,,,,,130161,,,,,,
130162,,,,,,,,,,,,,,,,,,,,,,,,130162,,,,,,
130163,,,,,,,,,,,,,,,,,,,,,,,,130163,,,,,,
130164,,,,,,,,,,,,,,,,,,,,,,,,130164,,,,,,
130165,,,,,,,,,,,,,,,,,,,,,,,,130165,,,,,,
130166,,,,,,,,,,,,,,,,,,,,,,,,130166,,,,,,
130167,,,,,,,,,,,,,,,,,,,,,,,,130167,,,,,,
130168,,,,,,,,,,,,,,,,,,,,,,,,130168,,,,,,
130169,,,,,,,,,,,,,,,,,,,,,,,,130169,,,,,,
130170,,,,,,,,,,,,,,,,,,,,,,,,130170,,,,,,
130171,,,,,,,,,,,,,,,,,,,,,,,,130171,,,,,,
130172,,,,,,,,,,,,,,,,,,,,,,,,130172,,,,,,
130173,,,,,,,,,,,,,,,,,,,,,,,,130173,,,,,,
130174,,,,,,,,,,,,,,,,,,,,,,,,130174,,,,,,
130175,,,,,,,,,,,,,,,,,,,,,,,,130175,,,,,,
130176,,,,,,,,,,,,,,,,,,,,,,,,130176,,,,,,
130177,,,,,,,,,0.03,,,,,,,,,,,,,,,130177,,,,,,
130178,,,,,,,,,0.05,,,,,,,,,,,,,,,130178,,,,,,
130179,,,,,,,,,0.05,,,,,,,,,,,,,,,130179,,,,,,
130180,,,,,,,,,0.08,,,,,,,,,,,,,,,130180,,,,,,
130181,,,,,,,,,,,,,,,,,,,,,,,,130181,,,,,,
130182,,,,,,,,,,,,,,,,,,,,,,,,130182,,,,,,
130183,,,,,,,,,,,,,,,,,,,,,,,,130183,,,,,,
130184,,,,,,,,,,,,,,,,,,,,,,,,130184,,,,,,
130185,,,,,,,,,,,,,,,,,,,,,,,,130185,,,,,,
130186,,,,,,,,,,,,,,,,,,,,,,,,130186,,,,,,
130187,,,,,,,,,,,,,,,,,,,,,,,,130187,,,,,,
130188,,,,,,,,,,,,,,,,,,,,,,,,130188,,,,,,
130189,,,,,,,,,,,,,,,,,,,,,,,,130189,,,,,,
130190,,,,,,,,,,,,,,,,,,,,,,,,130190,,,,,,
130191,,,,,,,,,,,,,,,,,,,,,,,,130191,,,,,,
130192,,,,,,,,,,,,,,,,,,,,,,,,130192,,,,,,
130193,,,,,,,,,,,,,,,,,,,,,,,,130193,,,,,,
130194,,,,,,,,,,,,,,,,,,,,,,,,130194,,,,,,
130195,,,,,,,,,,,,,,,,,,,,,,,,130195,,,,,,
130196,,,,,,,,,,,,,,,,,,,,,,,,130196,,,,,,
130197,,,,,,,,,,,,,,,,,,,,,,,,130197,,,,,,
130198,,,,,,,,,,,,,,,,,,,,,,,,130198,,,,,,
130199,,,,,,,,,,,,,,,,,,,,,,,,130199,,,,,,
130200,,,,,,,,,,,,,,,,,,,,,,,,130200,,,,,,
130201,,,,,,,,,,,,,,,,,,,,,,,,130201,,,,,,
130202,,,,,,,,,,,,,,,,,,,,,,,,130202,,,,,,
130203,,,,,,,,,,,,,,,,,,,,,,,,130203,,,,,,
130204,,,,,,,,,,,,,,,,,,,,,,,,130204,,,,,,
130205,,,,,,,,,,,,,,,,,,,,,,,,130205,,,,,,
130206,,,,,,,,,,,,,,,,,,,,,,,,130206,,,,,,
130207,,,,,,,,,,,,,,,,,,,,,,,,130207,,,,,,
130208,,,,,,,,,,,,,,,,,,,,,,,,130208,,,,,,
130209,,,,,,,,,,,,,,,,,,,,,,,,130209,,,,,,
130210,,,,,,,,,,,,,,,,,,,,,,,,130210,,,,,,
130211,,,,,,,,,,,,,,,,,,,,,,,,130211,,,,,,
130212,,,,,,,,,,,,,,,,,,,,,,,,130212,,,,,,
130213,,,,,,,,,,,,,,,,,,,,,,,,130213,,,,,,
130214,,,,,,,,,,,,,,,,,,,,,,,,130214,,,,,,
130215,,,,,,,,,,,,,,,,,,,,,,,,130215,,,,,,
130216,,,,,,,,,,,,,,,,,,,,,,,,130216,,,,,,
130217,,,EnergeRecover+36004+0.2&EnergeRecover+36006+0.2,,,,,,0.03,,,,,,,,,,,,,,,,,,,,,
130218,,,EnergeRecover+36004+0.3&EnergeRecover+36006+0.3,,,,,,0.05,,,,,,,,,,,,,,,,,,,,,
130219,,,EnergeRecover+36004+0.4&EnergeRecover+36006+0.4,,,,,,0.05,,,,,,,,,,,,,,,,,,,,,
130220,,,EnergeRecover+36004+0.5&EnergeRecover+36006+0.5,,,,,,0.08,,,,,,,,,,,,,,,,,,,,,
130221,,,,,,,,,,,,,,,,,,,,,,,,130221,,,,,,
130222,,,,,,,,,,,,,,,,,,,,,,,,130222,,,,,,
130223,,,,,,,,,,,,,,,,,,,,,,,,130223,,,,,,
130224,,,,,,,,,,,,,,,,,,,,,,,,130224,,,,,,
130225,,,,,,,0.2,,,,0.15,,,,,,,,,,,,,,,,,,,
130226,,,,,,,0.3,,,,0.2,,,,,,,,,,,,,,,,,,,
130227,,,,,,,0.4,,,,0.25,,,,,,,,,,,,,,,,,,,
130228,,,,,,,0.5,,,,0.3,,,,,,,,,,,,,,,,,,,
130229,,,,,,,,,,,,,,,,,,,,,,,,130229,,,,,,
130230,,,,,,,,,,,,,,,,,,,,,,,,130230,,,,,,
130231,,,,,,,,,,,,,,,,,,,,,,,,130231,,,,,,
130232,,,,,,,,,,,,,,,,,,,,,,,,130232,,,,,,
130233,,,,,,,,,,,,,,,,,,,,,,,,130233,,,,,,
130234,,,,,,,,,,,,,,,,,,,,,,,,130234,,,,,,
130235,,,,,,,,,,,,,,,,,,,,,,,,130235,,,,,,
130236,,,,,,,,,,,,,,,,,,,,,,,,130236,,,,,,
130237,,,,,,,,,,,,,,,,,,,,,,,,130237,,,,,,
130238,,,,,,,,,,,,,,,,,,,,,,,,130238,,,,,,
130239,,,,,,,,,,,,,,,,,,,,,,,,130239,,,,,,
130240,,,,,,,,,,,,,,,,,,,,,,,,130240,,,,,,
130241,,,,,,,,,,,,,,,,,,,,,,,,130241,,,,,,
130242,,,,,,,,,,,,,,,,,,,,,,,,130242,,,,,,
130243,,,,,,,,,,,,,,,,,,,,,,,,130243,,,,,,
130244,,,,,,,,,,,,,,,,,,,,,,,,130244,,,,,,
1300211,,,,,,,,,,,0.06,,,,,,,,,,,,,,,,,,,
1300221,,,,,,,,,,,0.12,,,,,,,,,,,,,,,,,,,
1300231,,,,,,,,,,,0.2,,,,,,,,,,,,,,,,,,,
1300731,,,,,,,,,,,0.3,,,,,,,,,,,,,,,,,,,
1300391,,,,,,,,,,,0.06,,,,,,,,,,,,,,,,,,,
1300401,,,,,,,,,,,0.12,,,,,,,,,,,,,,,,,,,
1300411,,,,,,,,,,,0.2,,,,,,,,,,,,,,,,,,,
1300791,,,,,,,,,,,0.28,,,,,,,,,,,,,,,,,,,
1300511,,,,,,,,,,,-0.15,,,,,,,,,,,,,,,,,,,
1300521,,,,,,,,,,,-0.25,,,,,,,,,,,,,,,,,,,
1300531,,,,,,,,,,,-0.4,,,,,,,,,,,,,,,,,,,
1300831,,,,,,,,,,,-0.55,,,,,,,,,,,,,,,,,,,
1300631,,,,,,,,,,,0.06,,,,,,,,,,,,,,,,,,,
1300641,,,,,,,,,,,0.12,,,,,,,,,,,,,,,,,,,
1300651,,,,,,,,,,,0.2,,,,,,,,,,,,,,,,,,,
1300871,,,,,,,,,,,0.28,,,,,,,,,,,,,,,,,,,
1300981,,,,,,,,,0.04,,,,,,,,,,,,,,,,,,,,,
1300991,,,,,,,,,0.06,,,,,,,,,,,,,,,,,,,,,
1301001,,,,,,,,,0.09,,,,,,,,,,,,,,,,,,,,,
1301011,,,,,,,,,0.12,,,,,,,,,,,,,,,,,,,,,
1301041,,,,,,,,,,,-0.15,,,,,,,,,,,,,,,,,,,
1301051,,,,,,,,,,,-0.25,,,,,,,,,,,,,,,,,,,
1301061,,,,,,,,,,,-0.4,,,,,,,,,,,,,,,,,,,
1301071,,,,,,,,,,,-0.55,,,,,,,,,,,,,,,,,,,
1301081,,,,,,,,,,,0.1,,,,,,,,,,,,,,,,,,,
1301091,,,,,,,,,,,0.15,,,,,,,,,,,,,,,,,,,
1301101,,,,,,,,,,,0.2,,,,,,,,,,,,,,,,,,,
1301111,,,,,,,,,,,0.35,,,,,,,,,,,,,,,,,,,
1301201,,,,,,,,,0.04,,,,,,,,,,,,,,,,,,,,,
1301211,,,,,,,,,0.06,,,,,,,,,,,,,,,,,,,,,
1301221,,,,,,,,,0.09,,,,,,,,,,,,,,,,,,,,,
1301231,,,,,,,,,0.12,,,,,,,,,,,,,,,,,,,,,
1301331,,,,,,,,,,,-0.15,,,,,,,,,,,,,,,,,,,
1301341,,,,,,,,,,,-0.25,,,,,,,,,,,,,,,,,,,
1301351,,,,,,,,,,,-0.4,,,,,,,,,,,,,,,,,,,
1301361,,,,,,,,,,,-0.55,,,,,,,,,,,,,,,,,,,
1301491,,,,,,,,,,,-0.15,,,,,,,,,,,,,,,,,,,
1301501,,,,,,,,,,,-0.25,,,,,,,,,,,,,,,,,,,
1301511,,,,,,,,,,,-0.4,,,,,,,,,,,,,,,,,,,
1301521,,,,,,,,,,,-0.55,,,,,,,,,,,,,,,,,,,
1301531,,,,,,,,,,,0.06,,,,,,,,,,,,,,,,,,,
1301541,,,,,,,,,,,0.12,,,,,,,,,,,,,,,,,,,
1301551,,,,,,,,,,,0.2,,,,,,,,,,,,,,,,,,,
1301561,,,,,,,,,,,0.28,,,,,,,,,,,,,,,,,,,
1301571,,,,,,,,,0.04,,,,,,,,,,,,,,,,,,,,,
1301581,,,,,,,,,0.06,,,,,,,,,,,,,,,,,,,,,
1301591,,,,,,,,,0.09,,,,,,,,,,,,,,,,,,,,,
1301601,,,,,,,,,0.12,,,,,,,,,,,,,,,,,,,,,
1301611,,,,,,,,,,,-0.15,,,,,,,,,,,,,,,,,,,
1301621,,,,,,,,,,,-0.25,,,,,,,,,,,,,,,,,,,
1301631,,,,,,,,,,,-0.4,,,,,,,,,,,,,,,,,,,
1301641,,,,,,,,,,,-0.55,,,,,,,,,,,,,,,,,,,
1301651,,,,,,,,,,,-0.15,,,,,,,,,,,,,,,,,,,
1301661,,,,,,,,,,,-0.25,,,,,,,,,,,,,,,,,,,
1301671,,,,,,,,,,,-0.4,,,,,,,,,,,,,,,,,,,
1301681,,,,,,,,,,,-0.55,,,,,,,,,,,,,,,,,,,
1301691,,,,,,,,,0.04,,,,,,,,,,,,,,,,,,,,,
1301701,,,,,,,,,0.06,,,,,,,,,,,,,,,,,,,,,
1301711,,,,,,,,,0.09,,,,,,,,,,,,,,,,,,,,,
1301721,,,,,,,,,0.12,,,,,,,,,,,,,,,,,,,,,
1301731,,,,,,,,,,,0.06,,,,,,,,,,,,,,,,,,,
1301741,,,,,,,,,,,0.12,,,,,,,,,,,,,,,,,,,
1301751,,,,,,,,,,,0.2,,,,,,,,,,,,,,,,,,,
1301761,,,,,,,,,,,0.28,,,,,,,,,,,,,,,,,,,
1301811,,,,,,,,,,,-0.15,,,,,,,,,,,,,,,,,,,
1301821,,,,,,,,,,,-0.25,,,,,,,,,,,,,,,,,,,
1301831,,,,,,,,,,,-0.4,,,,,,,,,,,,,,,,,,,
1301841,,,,,,,,,,,-0.55,,,,,,,,,,,,,,,,,,,
1301851,,,,,,,,,,,-0.15,,,,,,,,,,,,,,,,,,,
1301861,,,,,,,,,,,-0.25,,,,,,,,,,,,,,,,,,,
1301871,,,,,,,,,,,-0.4,,,,,,,,,,,,,,,,,,,
1301881,,,,,,,,,,,-0.55,,,,,,,,,,,,,,,,,,,
1301931,,,,,,,,,0.1,,0.1,,,,,,,,,,,,,,,,,,,
1301941,,,,,,,,,0.15,,0.15,,,,,,,,,,,,,,,,,,,
1301951,,,,,,,,,0.2,,0.2,,,,,,,,,,,,,,,,,,,
1301961,,,,,,,,,0.25,,0.25,,,,,,,,,,,,,,,,,,,
1301971,,,,,,,,,0.04,,,,,,,,,,,,,,,,,,,,,
1301981,,,,,,,,,0.06,,,,,,,,,,,,,,,,,,,,,
1301991,,,,,,,,,0.09,,,,,,,,,,,,,,,,,,,,,
1302001,,,,,,,,,0.12,,,,,,,,,,,,,,,,,,,,,
1302011,,,,,,,,,0.04,,,,,,,,,,,,,,,,,,,,,
1302021,,,,,,,,,0.06,,,,,,,,,,,,,,,,,,,,,
1302031,,,,,,,,,0.09,,,,,,,,,,,,,,,,,,,,,
1302041,,,,,,,,,0.12,,,,,,,,,,,,,,,,,,,,,
1302051,,,,,,,,,,,0.06,,,,,,,,,,,,,,,,,,,
1302061,,,,,,,,,,,0.12,,,,,,,,,,,,,,,,,,,
1302071,,,,,,,,,,,0.2,,,,,,,,,,,,,,,,,,,
1302081,,,,,,,,,,,0.28,,,,,,,,,,,,,,,,,,,
1302091,,,,,,,,,,,-0.15,,,,,,,,,,,,,,,,,,,
1302101,,,,,,,,,,,-0.25,,,,,,,,,,,,,,,,,,,
1302111,,,,,,,,,,,-0.4,,,,,,,,,,,,,,,,,,,
1302121,,,,,,,,,,,-0.55,,,,,,,,,,,,,,,,,,,
1302131,,,,,,,,,0.04,,,,,,,,,,,,,,,,,,,,,
1302141,,,,,,,,,0.06,,,,,,,,,,,,,,,,,,,,,
1302151,,,,,,,,,0.09,,,,,,,,,,,,,,,,,,,,,
1302161,,,,,,,,,0.12,,,,,,,,,,,,,,,,,,,,,
1302291,,,,,,,,,,,-0.15,,,,,,,,,,,,,,,,,,,
1302301,,,,,,,,,,,-0.25,,,,,,,,,,,,,,,,,,,
1302311,,,,,,,,,,,-0.4,,,,,,,,,,,,,,,,,,,
1302321,,,,,,,,,,,-0.55,,,,,,,,,,,,,,,,,,,
1302331,,,,,,,,,0.04,,,,,,,,,,,,,,,,,,,,,
1302341,,,,,,,,,0.06,,,,,,,,,,,,,,,,,,,,,
1302351,,,,,,,,,0.09,,,,,,,,,,,,,,,,,,,,,
1302361,,,,,,,,,0.12,,,,,,,,,,,,,,,,,,,,,
1302411,,,,,,,,,0.04,,,,,,,,,,,,,,,,,,,,,
1302421,,,,,,,,,0.06,,,,,,,,,,,,,,,,,,,,,
1302431,,,,,,,,,0.09,,,,,,,,,,,,,,,,,,,,,
1302441,,,,,,,,,0.12,,,,,,,,,,,,,,,,,,,,,
140001,,,,,,15,,,,,,,,,,,,,,,,,,,,,,,,
140002,,,,,,30,,,,,,,,,,,,,,,,,,,,,,,,
140003,,,,,,45,,,,,,,,,,,,,,,,,,,,,,,,
140004,,,,,,60,,,,,,,,,,,,,,,,,,,,,,,,
140005,,,,20,,,,,,,,,,,,,,,,,,,,,,,,,,
140006,,,,45,,,,,,,,,,,,,,,,,,,,,,,,,,
140007,,,,70,,,,,,,,,,,,,,,,,,,,,,,,,,
140008,,,,90,,,,,,,,,,,,,,,,,,,,,,,,,,
140009,,,,115,,,,,,,,,,,,,,,,,,,,,,,,,,
140010,,,,135,,,,,,,,,,,,,,,,,,,,,,,,,,
140011,,,,,,,,3,,,,,,,,,,,,,,,,,,,,,,
140012,,,,,,,,6,,,,,,,,,,,,,,,,,,,,,,
140013,,,,,,,,9,,,,,,,,,,,,,,,,,,,,,,
140014,,,,,,,,12,,,,,,,,,,,,,,,,,,,,,,
140015,,,,,,,,15,,,,,,,,,,,,,,,,,,,,,,
140016,,,,,,,,18,,,,,,,,,,,,,,,,,,,,,,
140017,,,,,,,,30,,,,,,,,,,,,,,,,,,,,,,
140018,,,,,,,,21,,,,,,,,,,,,,,,,,,,,,,
140019,,,,150,,,,,,,,,,,,,,,,,,,,,,,,,,
140020,,,,225,,,,,,,,,,,,,,,,,,,,,,,,,,
140021,,,,,,,,,,,0.04,,,,,,,,,,,,,,,,,,,
140022,,,,,,,,,,,0.06,,,,,,,,,,,,,,,,,,,
140023,,,,,,,,,,,0.08,,,,,,,,,,,,,,,,,,,
140024,,,,,,,,,,,0.1,,,,,,,,,,,,,,,,,,,
140025,,,,,,,,,,,,,,,,,,,0.08,,,,,,,,,,,
140026,,,,,,,,,,,,,,,,,,,0.11,,,,,,,,,,,
140027,,,,,,,,,,,,,,,,,,,0.14,,,,,,,,,,,
140028,,,,,,,,,,,,,,,,,,,0.2,,,,,,,,,,,
140029,,,,,,,,,0.09,,,,,,,,,,,,,,,,,,,,,
140030,,,,,,,,,0.12,,,,,,,,,,,,,,,,,,,,,
140031,,,,,,,,,0.15,,,,,,,,,,,,,,,,,,,,,
140032,,,,,,,,,0.2,,,,,,,,,,,,,,,,,,,,,
140033,,,,,,,,,,,0.09,,,,,,,,,,,,,,,,,,,
140034,,,,,,,,,,,0.12,,,,,,,,,,,,,,,,,,,
140035,,,,,,,,,,,0.15,,,,,,,,,,,,,,,,,,,
1600001,,,,139,,,,16,,,,,,,,,,,,,,,,,,,,,,
1600002,,,,174,,,,20,,,,,,,,,,,,,,,,,,,,,,
1600003,,,,243,,,,28,,,,,,,,,,,,,,,,,,,,,,
1600004,,,,347,,,,41,,,,,,,,,,,,,,,,,,,,,,
1600005,,,,451,,,,54,,,,,,,,,,,,,,,,,,,,,,
1610001,,,,166,,,,13,,,,,,,,,,,,,,,,,,,,,,
1610002,,,,208,,,,16,,,,,,,,,,,,,,,,,,,,,,
1610003,,,,291,,,,23,,,,,,,,,,,,,,,,,,,,,,
1610004,,,,415,,,,33,,,,,,,,,,,,,,,,,,,,,,
1610005,,,,539,,,,43,,,,,,,,,,,,,,,,,,,,,,
1620001,,,,151,,,,14,,,,,,,,,,,,,,,,,,,,,,
1620002,,,,189,,,,18,,,,,,,,,,,,,,,,,,,,,,
1620003,,,,264,,,,25,,,,,,,,,,,,,,,,,,,,,,
1620004,,,,377,,,,36,,,,,,,,,,,,,,,,,,,,,,
1620005,,,,490,,,,47,,,,,,,,,,,,,,,,,,,,,,
1630001,,,,246,,,,24,,,,,,,,,,,,,,,,,,,,,,
1630002,,,,307,,,,29,,,,,,,,,,,,,,,,,,,,,,
1630003,,,,430,,,,41,,,,,,,,,,,,,,,,,,,,,,
1630004,,,,614,,,,59,,,,,,,,,,,,,,,,,,,,,,
1640001,,,,344,,,,14,,,,,,,,,,,,,,,,,,,,,,
1640002,,,,430,,,,18,,,,,,,,,,,,,,,,,,,,,,
1640003,,,,602,,,,25,,,,,,,,,,,,,,,,,,,,,,
1640004,,,,860,,,,35,,,,,,,,,,,,,,,,,,,,,,
1601001,,,,,,,,,0.03,,,,,,,,,,,,,,,,,,,,,
1601002,,,,,,,,,0.05,,,,,,,,,,,,,,,,,,,,,
1601003,,,,,,,,,0.08,,,,,,,,,,,,,,,,,,,,,
1601004,,,,,,,,,0.11,,,,,,,,,,,,,,,,,,,,,
1611001,,,,,,,,,,,0.09,,,,,,,,,,,,,,,,,,,
1611002,,,,,,,,,,,0.15,,,,,,,,,,,,,,,,,,,
1611003,,,,,,,,,,,0.24,,,,,,,,,,,,,,,,,,,
1611004,,,,,,,,,,,0.35,,,,,,,,,,,,,,,,,,,
1621001,,,,,0.06,,,,,,,,,,,,,,,,,,,,,,,,,
1621002,,,,,0.1,,,,,,,,,,,,,,,,,,,,,,,,,
1621003,,,,,0.16,,,,,,,,,,,,,,,,,,,,,,,,,
1621004,,,,,0.3,,,,,,,,,,,,,,,,,,,,,,,,,
1641001,,,,,,,,,,,,,,,,,,,,,,,,,,0.06,,,,
1641002,,,,,,,,,,,,,,,,,,,,,,,,,,0.12,,,,
1641003,,,,,,,,,,,,,,,,,,,,,,,,,,0.18,,,,
1641004,,,,,,,,,,,,,,,,,,,,,,,,,,0.25,,,,
1641005,,,,,0.1,115,,,,,,,,,,,,,,,,,,,,,,,,
1641006,,,,,0.15,235,,,,,,,,,,,,,,,,,,,,,,,,
1641007,,,,,0.2,350,,,,,,,,,,,,,,,,,,,,,,,,
1641008,,,,,0.3,470,,,,,,,,,,,,,,,,,,,,,,,,
1641009,,,,,,,,,,,,,,,,,,,,,,,,1641009,,,,,,
1641010,,,,,,,,,,,,,,,,,,,,,,,,1641010,,,,,,
1641011,,,,,,,,,,,,,,,,,,,,,,,,1641011,,,,,,
1641012,,,,,,,,,,,,,,,,,,,,,,,,1641012,,,,,,
1631001,,,EnergeRecover+1005+0.5&EnergeRecover+1007+0.5,,,,,,0.03,,,,,,,,,,,,,,,,,,,,,
1631002,,,EnergeRecover+1005+0.6&EnergeRecover+1007+0.6,,,,,,0.03,,,,,,,,,,,,,,,,,,,,,
1631003,,,EnergeRecover+1005+0.7&EnergeRecover+1007+0.7,,,,,,0.05,,,,,,,,,,,,,,,,,,,,,
1631004,,,EnergeRecover+1005+0.8&EnergeRecover+1007+0.8,,,,,,0.05,,,,,,,,,,,,,,,,,,,,,
1631005,,,EnergeRecover+2004+0.5&EnergeRecover+2006+0.5,,0.06,,,,,,,,,,,,,,,,,,,,,,,,,
1631006,,,EnergeRecover+2004+0.6&EnergeRecover+2006+0.6,,0.06,,,,,,,,,,,,,,,,,,,,,,,,,
1631007,,,EnergeRecover+2004+0.7&EnergeRecover+2006+0.7,,0.1,,,,,,,,,,,,,,,,,,,,,,,,,
1631008,,,EnergeRecover+2004+0.8&EnergeRecover+2006+0.8,,0.1,,,,,,,,,,,,,,,,,,,,,,,,,
1631009,,,SkillAttack+3004+0.15&SkillAttack+3006+0.15,,0.06,,,,,,,,,,,,,,,,,,,,,,,,,
1631010,,,SkillAttack+3004+0.2&SkillAttack+3006+0.2,,0.06,,,,,,,,,,,,,,,,,,,,,,,,,
1631011,,,SkillAttack+3004+0.25&SkillAttack+3006+0.25,,0.1,,,,,,,,,,,,,,,,,,,,,,,,,
1631012,,,SkillAttack+3004+0.3&SkillAttack+3006+0.3,,0.1,,,,,,,,,,,,,,,,,,,,,,,,,
1631013,,,PetBuff+4101+0+1631013&PetBuff+4102+0+1631013,,,,,,0.03,,,,,,,,,,,,,,,,,,,,,
1631014,,,PetBuff+4101+0+1631014&PetBuff+4102+0+1631014,,,,,,0.03,,,,,,,,,,,,,,,,,,,,,
1631015,,,PetBuff+4101+0+1631015&PetBuff+4102+0+1631015,,,,,,0.05,,,,,,,,,,,,,,,,,,,,,
1631016,,,PetBuff+4101+0+1631016&PetBuff+4102+0+1631016,,,,,,0.05,,,,,,,,,,,,,,,,,,,,,
1631017,,,,,0.06,,,,,,,,,,,,,,,,,,,1631017,,,,,,
1631018,,,,,0.06,,,,,,,,,,,,,,,,,,,1631018,,,,,,
1631019,,,,,0.1,,,,,,,,,,,,,,,,,,,1631019,,,,,,
1631020,,,,,0.1,,,,,,,,,,,,,,,,,,,1631020,,,,,,
1631021,,,,,0.06,,,,,,,,,,,,,,,,,,,1631021,,,,,,
1631022,,,,,0.06,,,,,,,,,,,,,,,,,,,1631022,,,,,,
1631023,,,,,0.1,,,,,,,,,,,,,,,,,,,1631023,,,,,,
1631024,,,,,0.1,,,,,,,,,,,,,,,,,,,1631024,,,,,,
1631025,,,PetBuff+7101+0+1631025&PetBuff+7102+0+1631025,,0.06,,,,,,,,,,,,,,,,,,,,,,,,,
1631026,,,PetBuff+7101+0+1631026&PetBuff+7102+0+1631026,,0.06,,,,,,,,,,,,,,,,,,,,,,,,,
1631027,,,PetBuff+7101+0+1631027&PetBuff+7102+0+1631027,,0.1,,,,,,,,,,,,,,,,,,,,,,,,,
1631028,,,PetBuff+7101+0+1631028&PetBuff+7102+0+1631028,,0.1,,,,,,,,,,,,,,,,,,,,,,,,,
1631029,,,SkillAttack+8005+0.25&SkillAttack+8007+0.25,,,,,,0.03,,,,,,,,,,,,,,,,,,,,,
1631030,,,SkillAttack+8005+0.3&SkillAttack+8007+0.3,,,,,,0.03,,,,,,,,,,,,,,,,,,,,,
1631031,,,SkillAttack+8005+0.35&SkillAttack+8007+0.35,,,,,,0.05,,,,,,,,,,,,,,,,,,,,,
1631032,,,SkillAttack+8005+0.4&SkillAttack+8007+0.4,,,,,,0.05,,,,,,,,,,,,,,,,,,,,,
1631033,,,SkillAttack+9005+0.1&SkillAttack+9007+0.1,,,,,,0.03,,,,,,,,,,,,,,,,,,,,,
1631034,,,SkillAttack+9005+0.15&SkillAttack+9007+0.15,,,,,,0.03,,,,,,,,,,,,,,,,,,,,,
1631035,,,SkillAttack+9005+0.2&SkillAttack+9007+0.2,,,,,,0.05,,,,,,,,,,,,,,,,,,,,,
1631036,,,SkillAttack+9005+0.25&SkillAttack+9007+0.25,,,,,,0.05,,,,,,,,,,,,,,,,,,,,,
1631037,,,,,0.06,,,,,,,,,,,,,,,,,,,1631037,,,,,,
1631038,,,,,0.06,,,,,,,,,,,,,,,,,,,1631038,,,,,,
1631039,,,,,0.1,,,,,,,,,,,,,,,,,,,1631039,,,,,,
1631040,,,,,0.1,,,,,,,,,,,,,,,,,,,1631040,,,,,,
1631041,,,SkillAttack+11005+0.15&SkillAttack+11007+0.15,,0.06,,,,,,,,,,,,,,,,,,,,,,,,,
1631042,,,SkillAttack+11005+0.2&SkillAttack+11007+0.2,,0.06,,,,,,,,,,,,,,,,,,,,,,,,,
1631043,,,SkillAttack+11005+0.25&SkillAttack+11007+0.25,,0.1,,,,,,,,,,,,,,,,,,,,,,,,,
1631044,,,SkillAttack+11005+0.3&SkillAttack+11007+0.3,,0.1,,,,,,,,,,,,,,,,,,,,,,,,,
1631045,,,EnergeRecover+12005+0.5&EnergeRecover+12007+0.5,,,,,,0.03,,,,,,,,,,,,,,,,,,,,,
1631046,,,EnergeRecover+12005+0.6&EnergeRecover+12007+0.6,,,,,,0.03,,,,,,,,,,,,,,,,,,,,,
1631047,,,EnergeRecover+12005+0.7&EnergeRecover+12007+0.7,,,,,,0.05,,,,,,,,,,,,,,,,,,,,,
1631048,,,EnergeRecover+12005+0.8&EnergeRecover+12007+0.8,,,,,,0.05,,,,,,,,,,,,,,,,,,,,,
1631049,,,SkillAttack+13005+0.1&SkillAttack+13007+0.1,,,,,,0.03,,,,,,,,,,,,,,,,,,,,,
1631050,,,SkillAttack+13005+0.15&SkillAttack+13007+0.15,,,,,,0.03,,,,,,,,,,,,,,,,,,,,,
1631051,,,SkillAttack+13005+0.2&SkillAttack+13007+0.2,,,,,,0.05,,,,,,,,,,,,,,,,,,,,,
1631052,,,SkillAttack+13005+0.25&SkillAttack+13007+0.25,,,,,,0.05,,,,,,,,,,,,,,,,,,,,,
1631053,,,SkillAttack+14005+0.15&SkillAttack+14007+0.15,,0.06,,,,,,,,,,,,,,,,,,,,,,,,,
1631054,,,SkillAttack+14005+0.2&SkillAttack+14007+0.2,,0.06,,,,,,,,,,,,,,,,,,,,,,,,,
1631055,,,SkillAttack+14005+0.25&SkillAttack+14007+0.25,,0.1,,,,,,,,,,,,,,,,,,,,,,,,,
1631056,,,SkillAttack+14005+0.3&SkillAttack+14007+0.3,,0.1,,,,,,,,,,,,,,,,,,,,,,,,,
1631057,,,SkillAttack+15005+0.15&SkillAttack+15007+0.15,,,,,,0.03,,,,,,,,,,,,,,,,,,,,,
1631058,,,SkillAttack+15005+0.2&SkillAttack+15007+0.2,,,,,,0.03,,,,,,,,,,,,,,,,,,,,,
1631059,,,SkillAttack+15005+0.25&SkillAttack+15007+0.25,,,,,,0.05,,,,,,,,,,,,,,,,,,,,,
1631060,,,SkillAttack+15005+0.3&SkillAttack+15007+0.3,,,,,,0.05,,,,,,,,,,,,,,,,,,,,,
1631061,,,EnergeRecover+16005+0.5&EnergeRecover+16007+0.5,,,,,,0.03,,,,,,,,,,,,,,,,,,,,,
1631062,,,EnergeRecover+16005+0.6&EnergeRecover+16007+0.6,,,,,,0.03,,,,,,,,,,,,,,,,,,,,,
1631063,,,EnergeRecover+16005+0.7&EnergeRecover+16007+0.7,,,,,,0.05,,,,,,,,,,,,,,,,,,,,,
1631064,,,EnergeRecover+16005+0.8&EnergeRecover+16007+0.8,,,,,,0.05,,,,,,,,,,,,,,,,,,,,,
1631065,,,SkillAttack+17005+0.15&SkillAttack+17007+0.15,,,,,,0.03,,,,,,,,,,,,,,,,,,,,,
1631066,,,SkillAttack+17005+0.2&SkillAttack+17007+0.2,,,,,,0.03,,,,,,,,,,,,,,,,,,,,,
1631067,,,SkillAttack+17005+0.25&SkillAttack+17007+0.25,,,,,,0.05,,,,,,,,,,,,,,,,,,,,,
1631068,,,SkillAttack+17005+0.3&SkillAttack+17007+0.3,,,,,,0.05,,,,,,,,,,,,,,,,,,,,,
1631069,,,SkillAttack+18005+0.15&SkillAttack+18007+0.15,,0.06,,,,,,,,,,,,,,,,,,,,,,,,,
1631070,,,SkillAttack+18005+0.2&SkillAttack+18007+0.2,,0.06,,,,,,,,,,,,,,,,,,,,,,,,,
1631071,,,SkillAttack+18005+0.25&SkillAttack+18007+0.25,,0.1,,,,,,,,,,,,,,,,,,,,,,,,,
1631072,,,SkillAttack+18005+0.3&SkillAttack+18007+0.3,,0.1,,,,,,,,,,,,,,,,,,,,,,,,,
1631073,,,SkillAttack+19005+0.15&SkillAttack+19007+0.15,,,,,,0.03,,,,,,,,,,,,,,,,,,,,,
1631074,,,SkillAttack+19005+0.2&SkillAttack+19007+0.2,,,,,,0.03,,,,,,,,,,,,,,,,,,,,,
1631075,,,SkillAttack+19005+0.25&SkillAttack+19007+0.25,,,,,,0.05,,,,,,,,,,,,,,,,,,,,,
1631076,,,SkillAttack+19005+0.3&SkillAttack+19007+0.3,,,,,,0.05,,,,,,,,,,,,,,,,,,,,,
1631077,,,SkillAttack+20005+0.15&SkillAttack+20007+0.15,,,,,,0.03,,,,,,,,,,,,,,,,,,,,,
1631078,,,SkillAttack+20005+0.2&SkillAttack+20007+0.2,,,,,,0.03,,,,,,,,,,,,,,,,,,,,,
1631079,,,SkillAttack+20005+0.25&SkillAttack+20007+0.25,,,,,,0.05,,,,,,,,,,,,,,,,,,,,,
1631080,,,SkillAttack+20005+0.3&SkillAttack+20007+0.3,,,,,,0.05,,,,,,,,,,,,,,,,,,,,,
1631081,,,SkillAttack+21005+0.15&SkillAttack+21007+0.15,,0.06,,,,,,,,,,,,,,,,,,,,,,,,,
1631082,,,SkillAttack+21005+0.2&SkillAttack+21007+0.2,,0.06,,,,,,,,,,,,,,,,,,,,,,,,,
1631083,,,SkillAttack+21005+0.25&SkillAttack+21007+0.25,,0.1,,,,,,,,,,,,,,,,,,,,,,,,,
1631084,,,SkillAttack+21005+0.3&SkillAttack+21007+0.3,,0.1,,,,,,,,,,,,,,,,,,,,,,,,,
1631085,,,SkillAttack+22005+0.15&SkillAttack+22007+0.15,,0.06,,,,,,,,,,,,,,,,,,,,,,,,,
1631086,,,SkillAttack+22005+0.2&SkillAttack+22007+0.2,,0.06,,,,,,,,,,,,,,,,,,,,,,,,,
1631087,,,SkillAttack+22005+0.25&SkillAttack+22007+0.25,,0.1,,,,,,,,,,,,,,,,,,,,,,,,,
1631088,,,SkillAttack+22005+0.3&SkillAttack+22007+0.3,,0.1,,,,,,,,,,,,,,,,,,,,,,,,,
1631089,,,SkillAttack+90005+0.15&SkillAttack+90007+0.15,,,,,,0.03,,,,,,,,,,,,,,,,,,,,,
1631090,,,SkillAttack+90005+0.2&SkillAttack+90007+0.2,,,,,,0.03,,,,,,,,,,,,,,,,,,,,,
1631091,,,SkillAttack+90005+0.25&SkillAttack+90007+0.25,,,,,,0.05,,,,,,,,,,,,,,,,,,,,,
1631092,,,SkillAttack+90005+0.3&SkillAttack+90007+0.3,,,,,,0.05,,,,,,,,,,,,,,,,,,,,,
1631093,,,SkillAttack+91005+0.15&SkillAttack+91007+0.15,,0.06,,,,,,,,,,,,,,,,,,,,,,,,,
1631094,,,SkillAttack+91005+0.2&SkillAttack+91007+0.2,,0.06,,,,,,,,,,,,,,,,,,,,,,,,,
1631095,,,SkillAttack+91005+0.25&SkillAttack+91007+0.25,,0.1,,,,,,,,,,,,,,,,,,,,,,,,,
1631096,,,SkillAttack+91005+0.3&SkillAttack+91007+0.3,,0.1,,,,,,,,,,,,,,,,,,,,,,,,,
1631097,,,SkillAttack+23005+0.15&SkillAttack+23007+0.15,,,,,,0.03,,,,,,,,,,,,,,,,,,,,,
1631098,,,SkillAttack+23005+0.2&SkillAttack+23007+0.2,,,,,,0.03,,,,,,,,,,,,,,,,,,,,,
1631099,,,SkillAttack+23005+0.25&SkillAttack+23007+0.25,,,,,,0.05,,,,,,,,,,,,,,,,,,,,,
1631100,,,SkillAttack+23005+0.3&SkillAttack+23007+0.3,,,,,,0.05,,,,,,,,,,,,,,,,,,,,,
1631101,,,SkillAttack+24005+0.15&SkillAttack+24007+0.15,,0.06,,,,,,,,,,,,,,,,,,,,,,,,,
1631102,,,SkillAttack+24005+0.2&SkillAttack+24007+0.2,,0.06,,,,,,,,,,,,,,,,,,,,,,,,,
1631103,,,SkillAttack+24005+0.25&SkillAttack+24007+0.25,,0.1,,,,,,,,,,,,,,,,,,,,,,,,,
1631104,,,SkillAttack+24005+0.3&SkillAttack+24007+0.3,,0.1,,,,,,,,,,,,,,,,,,,,,,,,,
1631105,,,SkillAttack+25005+0.15&SkillAttack+25007+0.15,,0.06,,,,,,,,,,,,,,,,,,,,,,,,,
1631106,,,SkillAttack+25005+0.2&SkillAttack+25007+0.2,,0.06,,,,,,,,,,,,,,,,,,,,,,,,,
1631107,,,SkillAttack+25005+0.25&SkillAttack+25007+0.25,,0.1,,,,,,,,,,,,,,,,,,,,,,,,,
1631108,,,SkillAttack+25005+0.3&SkillAttack+25007+0.3,,0.1,,,,,,,,,,,,,,,,,,,,,,,,,
1631109,,,SkillAttack+26005+0.15&SkillAttack+26007+0.15,,,,,,0.03,,,,,,,,,,,,,,,,,,,,,
1631110,,,SkillAttack+26005+0.2&SkillAttack+26007+0.2,,,,,,0.03,,,,,,,,,,,,,,,,,,,,,
1631111,,,SkillAttack+26005+0.25&SkillAttack+26007+0.25,,,,,,0.05,,,,,,,,,,,,,,,,,,,,,
1631112,,,SkillAttack+26005+0.3&SkillAttack+26007+0.3,,,,,,0.05,,,,,,,,,,,,,,,,,,,,,
1631113,,,SkillAttack+27005+0.15&SkillAttack+27007+0.15,,,,,,0.03,,,,,,,,,,,,,,,,,,,,,
1631114,,,SkillAttack+27005+0.2&SkillAttack+27007+0.2,,,,,,0.03,,,,,,,,,,,,,,,,,,,,,
1631115,,,SkillAttack+27005+0.25&SkillAttack+27007+0.25,,,,,,0.05,,,,,,,,,,,,,,,,,,,,,
1631116,,,SkillAttack+27005+0.3&SkillAttack+27007+0.3,,,,,,0.05,,,,,,,,,,,,,,,,,,,,,
1631117,,,SkillAttack+28005+0.15&SkillAttack+28007+0.15,,,,,,0.03,,,,,,,,,,,,,,,,,,,,,
1631118,,,SkillAttack+28005+0.2&SkillAttack+28007+0.2,,,,,,0.03,,,,,,,,,,,,,,,,,,,,,
1631119,,,SkillAttack+28005+0.25&SkillAttack+28007+0.25,,,,,,0.05,,,,,,,,,,,,,,,,,,,,,
1631120,,,SkillAttack+28005+0.3&SkillAttack+28007+0.3,,,,,,0.05,,,,,,,,,,,,,,,,,,,,,
1631121,,,SkillAttack+29005+0.15&SkillAttack+29007+0.15,,,,,,0.03,,,,,,,,,,,,,,,,,,,,,
1631122,,,SkillAttack+29005+0.2&SkillAttack+29007+0.2,,,,,,0.03,,,,,,,,,,,,,,,,,,,,,
1631123,,,SkillAttack+29005+0.25&SkillAttack+29007+0.25,,,,,,0.05,,,,,,,,,,,,,,,,,,,,,
1631124,,,SkillAttack+29005+0.3&SkillAttack+29007+0.3,,,,,,0.05,,,,,,,,,,,,,,,,,,,,,
1631125,,,SkillAttack+30005+0.15&SkillAttack+30007+0.15,,,,,,0.03,,,,,,,,,,,,,,,,,,,,,
1631126,,,SkillAttack+30005+0.2&SkillAttack+30007+0.2,,,,,,0.03,,,,,,,,,,,,,,,,,,,,,
1631127,,,SkillAttack+30005+0.25&SkillAttack+30007+0.25,,,,,,0.05,,,,,,,,,,,,,,,,,,,,,
1631128,,,SkillAttack+30005+0.3&SkillAttack+30007+0.3,,,,,,0.05,,,,,,,,,,,,,,,,,,,,,
1631129,,,SkillAttack+31005+0.15&SkillAttack+31007+0.15,,0.06,,,,,,,,,,,,,,,,,,,,,,,,,
1631130,,,SkillAttack+31005+0.2&SkillAttack+31007+0.2,,0.06,,,,,,,,,,,,,,,,,,,,,,,,,
1631131,,,SkillAttack+31005+0.25&SkillAttack+31007+0.25,,0.1,,,,,,,,,,,,,,,,,,,,,,,,,
1631132,,,SkillAttack+31005+0.3&SkillAttack+31007+0.3,,0.1,,,,,,,,,,,,,,,,,,,,,,,,,
1631133,,,SkillAttack+32005+0.15&SkillAttack+32007+0.15,,,,,,0.03,,,,,,,,,,,,,,,,,,,,,
1631134,,,SkillAttack+32005+0.2&SkillAttack+32007+0.2,,,,,,0.03,,,,,,,,,,,,,,,,,,,,,
1631135,,,SkillAttack+32005+0.25&SkillAttack+32007+0.25,,,,,,0.05,,,,,,,,,,,,,,,,,,,,,
1631136,,,SkillAttack+32005+0.3&SkillAttack+32007+0.3,,,,,,0.05,,,,,,,,,,,,,,,,,,,,,
1631137,,,SkillAttack+33005+0.15&SkillAttack+33007+0.15,,0.06,,,,,,,,,,,,,,,,,,,,,,,,,
1631138,,,SkillAttack+33005+0.2&SkillAttack+33007+0.2,,0.06,,,,,,,,,,,,,,,,,,,,,,,,,
1631139,,,SkillAttack+33005+0.25&SkillAttack+33007+0.25,,0.1,,,,,,,,,,,,,,,,,,,,,,,,,
1631140,,,SkillAttack+34005+0.3&SkillAttack+34007+0.3,,0.1,,,,,,,,,,,,,,,,,,,,,,,,,
1631141,,,SkillAttack+34005+0.15&SkillAttack+34007+0.15,,,,,,0.03,,,,,,,,,,,,,,,,,,,,,
1631142,,,SkillAttack+34005+0.2&SkillAttack+34007+0.2,,,,,,0.03,,,,,,,,,,,,,,,,,,,,,
1631143,,,SkillAttack+34005+0.25&SkillAttack+34007+0.25,,,,,,0.05,,,,,,,,,,,,,,,,,,,,,
1631144,,,SkillAttack+34005+0.3&SkillAttack+34007+0.3,,,,,,0.05,,,,,,,,,,,,,,,,,,,,,
1631145,,,SkillAttack+35005+0.15&SkillAttack+35007+0.15,,0.06,,,,,,,,,,,,,,,,,,,,,,,,,
1631146,,,SkillAttack+35005+0.2&SkillAttack+35007+0.2,,0.06,,,,,,,,,,,,,,,,,,,,,,,,,
1631147,,,SkillAttack+35005+0.25&SkillAttack+35007+0.25,,0.1,,,,,,,,,,,,,,,,,,,,,,,,,
1631148,,,SkillAttack+35005+0.3&SkillAttack+35007+0.3,,0.1,,,,,,,,,,,,,,,,,,,,,,,,,
1631149,,,SkillAttack+36005+0.15&SkillAttack+36007+0.15,,,,,,0.03,,,,,,,,,,,,,,,,,,,,,
1631150,,,SkillAttack+36005+0.2&SkillAttack+36007+0.2,,,,,,0.03,,,,,,,,,,,,,,,,,,,,,
1631151,,,SkillAttack+36005+0.25&SkillAttack+36007+0.25,,,,,,0.05,,,,,,,,,,,,,,,,,,,,,
1631152,,,SkillAttack+36005+0.3&SkillAttack+36007+0.3,,,,,,0.05,,,,,,,,,,,,,,,,,,,,,
1631153,,,SkillAttack+37005+0.15&SkillAttack+37007+0.15,,,,,,0.03,,,,,,,,,,,,,,,,,,,,,
1631154,,,SkillAttack+37005+0.2&SkillAttack+37007+0.2,,,,,,0.03,,,,,,,,,,,,,,,,,,,,,
1631155,,,SkillAttack+37005+0.25&SkillAttack+37007+0.25,,,,,,0.05,,,,,,,,,,,,,,,,,,,,,
1631156,,,SkillAttack+37005+0.3&SkillAttack+37007+0.3,,,,,,0.05,,,,,,,,,,,,,,,,,,,,,
1631157,,,SkillAttack+38005+0.15&SkillAttack+38007+0.15,,0.06,,,,,,,,,,,,,,,,,,,,,,,,,
1631158,,,SkillAttack+38005+0.2&SkillAttack+38007+0.2,,0.06,,,,,,,,,,,,,,,,,,,,,,,,,
1631159,,,SkillAttack+38005+0.25&SkillAttack+38007+0.25,,0.1,,,,,,,,,,,,,,,,,,,,,,,,,
1631160,,,SkillAttack+38005+0.3&SkillAttack+38007+0.3,,0.1,,,,,,,,,,,,,,,,,,,,,,,,,
1631161,,,SkillAttack+39005+0.15&SkillAttack+39007+0.15,,,,,,0.03,,,,,,,,,,,,,,,,,,,,,
1631162,,,SkillAttack+39005+0.2&SkillAttack+39007+0.2,,,,,,0.03,,,,,,,,,,,,,,,,,,,,,
1631163,,,SkillAttack+39005+0.25&SkillAttack+39007+0.25,,,,,,0.05,,,,,,,,,,,,,,,,,,,,,
1631164,,,SkillAttack+39005+0.3&SkillAttack+39007+0.3,,,,,,0.05,,,,,,,,,,,,,,,,,,,,,
1631165,,,SkillAttack+40005+0.15&SkillAttack+40007+0.15,,0.06,,,,,,,,,,,,,,,,,,,,,,,,,
1631166,,,SkillAttack+40005+0.2&SkillAttack+40007+0.2,,0.06,,,,,,,,,,,,,,,,,,,,,,,,,
1631167,,,SkillAttack+40005+0.25&SkillAttack+40007+0.25,,0.1,,,,,,,,,,,,,,,,,,,,,,,,,
1631168,,,SkillAttack+40005+0.3&SkillAttack+40007+0.3,,0.1,,,,,,,,,,,,,,,,,,,,,,,,,
1631169,,,SkillAttack+41005+0.15&SkillAttack+41007+0.15,,,,,,0.03,,,,,,,,,,,,,,,,,,,,,
1631170,,,SkillAttack+41005+0.2&SkillAttack+41007+0.2,,,,,,0.03,,,,,,,,,,,,,,,,,,,,,
1631171,,,SkillAttack+41005+0.25&SkillAttack+41007+0.25,,,,,,0.05,,,,,,,,,,,,,,,,,,,,,
1631172,,,SkillAttack+41005+0.3&SkillAttack+41007+0.3,,,,,,0.05,,,,,,,,,,,,,,,,,,,,,
1631173,,,SkillAttack+42005+0.15&SkillAttack+42007+0.15,,,,,,0.03,,,,,,,,,,,,,,,,,,,,,
1631174,,,SkillAttack+42005+0.2&SkillAttack+42007+0.2,,,,,,0.03,,,,,,,,,,,,,,,,,,,,,
1631175,,,SkillAttack+42005+0.25&SkillAttack+42007+0.25,,,,,,0.05,,,,,,,,,,,,,,,,,,,,,
1631176,,,SkillAttack+42005+0.3&SkillAttack+42007+0.3,,,,,,0.05,,,,,,,,,,,,,,,,,,,,,
16310131,,,,,,,,,0.15,,,,,,,,,,,,,,,,,,,,,
16310141,,,,,,,,,0.2,,,,,,,,,,,,,,,,,,,,,
16310151,,,,,,,,,0.25,,,,,,,,,,,,,,,,,,,,,
16310161,,,,,,,,,0.3,,,,,,,,,,,,,,,,,,,,,
16310251,,,,,,,,,0.2,,,,,,,,,,,,,,,,,,,,,
16310261,,,,,,,,,0.25,,,,,,,,,,,,,,,,,,,,,
16310271,,,,,,,,,0.3,,,,,,,,,,,,,,,,,,,,,
16310281,,,,,,,,,0.35,,,,,,,,,,,,,,,,,,,,,
16310171,,,,,,,,,-0.2,,,,,,,,,,,,,,,,,,,,,
16310181,,,,,,,,,-0.25,,,,,,,,,,,,,,,,,,,,,
16310191,,,,,,,,,-0.3,,,,,,,,,,,,,,,,,,,,,
16310201,,,,,,,,,-0.35,,,,,,,,,,,,,,,,,,,,,
16310211,,,,,,,,,,,-0.2,,,,,,,,,,,,,,,,,,,
16310221,,,,,,,,,,,-0.25,,,,,,,,,,,,,,,,,,,
16310231,,,,,,,,,,,-0.3,,,,,,,,,,,,,,,,,,,
16310241,,,,,,,,,,,-0.35,,,,,,,,,,,,,,,,,,,
16310371,,,,,,,,,0.05,,,,,,,,,,,,,,,,,,,,,
16310381,,,,,,,,,0.08,,,,,,,,,,,,,,,,,,,,,
16310391,,,,,,,,,0.11,,,,,,,,,,,,,,,,,,,,,
16310401,,,,,,,,,0.14,,,,,,,,,,,,,,,,,,,,,
16410091,,,,,,,,,0.04,,,,,,,,,,,,,,,,,,,,,
16410101,,,,,,,,,0.07,,,,,,,,,,,,,,,,,,,,,
16410111,,,,,,,,,0.11,,,,,,,,,,,,,,,,,,,,,
16410121,,,,,,,,,0.16,,,,,,,,,,,,,,,,,,,,,
4502,,,,,,,,,,,,,,,,-0.5,,,,,,,,,,,,,,
4503,,,,,,,,,,,,,,,,-0.2,,,,,,,,,,,,,,
4504,,,,,,,,,,,,,,,,-0.3,,,,,,,,,,,,,,
4505,,,,,,,,,,,,,,,,-0.4,,,,,,,,,,,,,,
4506,,,,,,,,,,,,,,,,-0.7,,,,,,,,,,,,,,
4001,,,,,,,,,,,,,,,,0.3,,,,,,,,,,,,,,
4002,,,,,,,,,,,,,,,,0.1,,,,,,,,,,,,,,
4003,,,,,,,,,,,,,,,,0.5,,,,,,,,,,,,,,
4004,,,,,,,,,,,,,,,,0.16,,,,,,,,,,,,,,
8007,,,,,,,,,,,,,,,,,,,,,5000,,,,,,,,5000,1-2-3-4-5
5001,,,,,,,10000,,,,,,,,,,,,,,,,,,,,,,,
5002,,,,,,,3,,,,,,,,,,,,,,,,,,,,,,,
5003,,,,,,,1.3,,,,,,,,,,,,,,,,,,,,,,,
5004,,,EnergeRecover+37001+0.5&EnergeRecover+37002+0.5&EnergeRecover+37003+0.5,,,,,,,,,,,,,,,,,,,,,,,,,,,
5005,,,,,,,,,,,,,0.5,,,,,,,,,,,,,,,,,
5006,,,,1000000,,,,,,,,,,,,,,,,,,,,,,,,,,
5008,,,,,,,,,,,,,,,,,,1,,,,,,,,,,,,
5009,,,,,,,,,,,1.5,,,,,,,,,,,,,,,,,,,
5010,,,,,,,,,,,,,,,,,,,3,,,,,,,,,,,
5011,,,,,,,,,,,,,,,,-0.1,,,-0.1,,,,,,,,,,,
5012,,,,,,,,,,,2.5,,,,,,,,,,,,,,,,,,,
5013,,,,,,,,,,,4,,,,,,,,,,,,,,,,,,,
1001,,,,,,,,,0.3,,,,,,,,,,,,,,,,,,,,,
2001,,,,,,,,,,,0.3,,,,,,,,,,,,,,,,,,,
5501,,,,,,,-10000,,,,,,,,,,,,,,-19,,,,,,,,,
2002,,,,,,,,,,,0.5,,,,,,,,,,5000,,,,,,,,5000,
2003,,,,,,,,,,,,,,,,,,,,,5000,,,,,,,,5000,
2004,,,,,,,,,,,0.7,,,,,0.3,,,,,5000,,,,,,,,5000,
30098,,,,1,,,,1,,,,,,,,,,,,,20,,,,,,,,10,
30099,,,,1000,,,,2,,356,,,,6.9,,,,,,,20,,,,,,,,10,
1501,,,,,,,,,-0.5,,,,,,,,,,,,,,,,,,,,,
1502,,,,,,,,,-0.25,,,,,,,,,,,,,,,,,,,,,
2501,,,,,,,,,,,-0.5,,,,,,,,,,,,,,,,,,,
5502,,,,,,,-600,,,,,,,,,,,,,,,,,,,,,,,
7023,,,,,,,,,,,,,,,,,,,,,,,,7023,,,,,,
7024,,,,,,,,,,,,,,,,,,,,,,,,7024,,,,,,
9003,,,SkillAttack+24005+0.15&SkillAttack+24007+0.15,,,,,,,,,,,,,,,,,,,,,,,,,,,
9004,,,SkillAttack+24005+0.3&SkillAttack+24007+0.3,,,,,,,,,,,,,,,,,,,,,,,,,,,
9005,,,SkillAttack+24005+0.45&SkillAttack+24007+0.45,,,,,,,,,,,,,,,,,,,,,,,,,,,
9006,,,SkillAttack+34005+0.15,,,,,,,,,,,,,,,,,,,,,,,,,,,
9007,,,SkillAttack+34005+0.3,,,,,,,,,,,,,,,,,,,,,,,,,,,
9008,,,SkillAttack+34005+0.45,,,,,,,,,,,,,,,,,,,,,,,,,,,
9009,,,,,,,,,0.03,,,,,,,,,,,,,,,,,,,,,
9010,,,,,,,,,0.06,,,,,,,,,,,,,,,,,,,,,
9011,,,,,,,,,0.09,,,,,,,,,,,,,,,,,,,,,
9012,,,,,,,,,0.04,,,,,,,,,,,,,,,,,,,,,
9013,,,,,,,,,0.08,,,,,,,,,,,,,,,,,,,,,
9014,,,,,,,,,0.12,,,,,,,,,,,,,,,,,,,,,
9015,,,,,,,,,0.05,,,,,,,,,,,,,,,,,,,,,
9016,,,,,,,,,0.1,,,,,,,,,,,,,,,,,,,,,
9017,,,,,,,,,0.15,,,,,,,,,,,,,,,,,,,,,
9018,,,,,,,,,0.07,,,,,,,,,,,,,,,,,,,,,
9019,,,,,,,,,0.14,,,,,,,,,,,,,,,,,,,,,
9020,,,,,,,,,0.21,,,,,,,,,,,,,,,,,,,,,
9021,,,SkillAttack+37001+0.35&SkillAttack+37002+0.35&SkillAttack+37003+0.35,,,,,,,,,,,,,,,,,,,,,,,,,,,
9022,,,SkillAttack+37001+0.7&SkillAttack+37002+0.7&SkillAttack+37003+0.7,,,,,,,,,,,,,,,,,,,,,,,,,,,
9023,,,SkillAttack+37001+1.05&SkillAttack+37002+1.05&SkillAttack+37003+1.05,,,,,,,,,,,,,,,,,,,,,,,,,,,
9024,,,SkillAttack+34007+0.15,,,,,,,,,,,,,,,,,,,,,,,,,,,
9025,,,SkillAttack+34007+0.3,,,,,,,,,,,,,,,,,,,,,,,,,,,
9026,,,SkillAttack+34007+0.45,,,,,,,,,,,,,,,,,,,,,,,,,,,
9027,,,SkillAttack+34007+0.6,,,,,,,,,,,,,,,,,,,,,,,,,,,
9028,,,SkillAttack+34007+0.75,,,,,,,,,,,,,,,,,,,,,,,,,,,
9029,,,,,,,,,,,-0.2,,,,,,,,,,,,,,,,,,,
9030,,,,,,,,,,,-0.4,,,,,,,,,,,,,,,,,,,
9031,,,,,,,,,,,-0.6,,,,,,,,,,,,,,,,,,,
9032,,,,,,,,,,,,,,,,,,-0.04,,,,,,,,,,,,
9033,,,,,,,,,,,,,,,,,,-0.07,,,,,,,,,,,,
9034,,,,,,,,,,,,,,,,,,-0.1,,,,,,,,,,,,
9035,,,,,,,,,,,,,,,,,,-0.14,,,,,,,,,,,,
9036,,,,,,,,,,,,,,,,,,-0.18,-0.16,,,,,,,,,,,
9037,,,,,,,,,,,,,,,,,,0.04,,,,,,,,,,,,
9038,,,,,,,,,,,,,,,,,,0.07,,,,,,,,,,,,
9039,,,,,,,,,,,,,,,,,,0.1,,,,,,,,,,,,
9040,,,,,,,,,,,,,,,,,,0.14,,,,,,,,,,,,
9041,,,,,,,,,,,,,,,,,,0.18,0.16,,,,,,,,,,,
9042,,,,,,,,,-0.12,,,,,,,,,,,,,,,,,,,,,
9043,,,,,,,,,,,,,,,,0.5,,0.3,,,,,,,,,,,,
9044,,,,,,,,,,,,,,,,,,,,-0.06,,,,,,,,,,
9045,,,SkillAttack+41005+0.15&SkillAttack+41007+0.15,,,,,,,,,,,,,,,0.05,,,,,,,,,,,,
9046,,,SkillAttack+41005+0.3&SkillAttack+41007+0.3,,,,,,,,,,,,,,,0.1,,,,,,,,,,,,
9047,,,SkillAttack+41005+0.45&SkillAttack+41007+0.45,,,,,,,,,,,,,,,0.15,,,,,,,,,,,,
9048,,,,,,,,,0.3,,,,,,,,,,,,,,,,,,,,,
9049,,,,250000,,,,,,,,,,,,,,,,,,,,,,,,,,
9050,,,,,,,,24000,,,,,,,,,,,,,,,,,,,,,,
2021,,,,,,,,,,,,,,,,,,-0.2,,,,,,,,,,,,
3000,,,,,,,,,,,,,,,,,,,,,,,,991033,,,,,,
3001,,,,,,,,,0.03,,,,,,,,,,,,,,,,,,,,,
3002,,,,,,,,,,,0.15,,,,,,,,,,,,,995508,,,,,,
3003,,,,,,,,,,,,,,,,,,,,,,,,997030,,,,,,
3004,,,,,,,,,,,,,,,,,,,0.15,,,,,,,,,,,
3005,,,,,,,,,,,,,,,,,,,,,,,,999074,,,,,,
3006,,,,,,,,,,,,,,,,,,,,,,,,991512,,,,,,
3007,,,,,,,,,-0.2,,-0.15,,,,,,,,,,,,,,,,,,,
3008,,,,,,,,,,,,,,,,,,,,,,,,996012,,,,,,
3009,,,,,,,,,,,,,,,,,,,,,,,,993018,,,,,,
3010,,,,,,,,,,,,,,,,,,,,,,,,996013,,,,,,
3011,,,,,,,,,,,,,,,,,,,,,,,,998030,,,,,,
3012,,,,,,,,,,,,,,,,,,,,,,,,996014,,,,,,
3013,,,,,,,,,,,,,,,,,,,,,,,,999075,,,,,,
3014,,,,,,,,,,,,,,,,,,,,,,,,991034,,,,,,
3015,,,,,,,,,0.1,,0.35,,,,,,,,,,,,,,,,,,,
3016,,,,,,,,,,,,,,,,,,,,,,,,998031,,,,,,
3017,,,,,,,,,,,,,,,,,,,,,,,,994529,,,,,,
3018,,,,,,,,,,,,,,,,,,,,,,,,995509,,,,,,
3019,,,,,,,,,0.1,,,,0.1,,,,,,,,,,,,,,,,,
3020,,,,,,,,,,,,,,,,,,,,0.2,,,,,,0.1,,,,
3021,,,,,,,,,,,,,,,,,,,,,,,,993019,,,,,,
3022,,,,,,,,,,,,,,,,,,,0.04,,,,,,,,,,,
3023,,,,,,,,,,,,,,,,,,,0.05,,,,,,,,,,,
3024,,,,,,,,,,,,,,,,,,,0.06,,,,,,,,,,,
3025,,,,,,,,,,,,,,,,,,,0.07,,,,,,,,,,,
3026,,,,,,,,,,,,,,,,,,,0.08,,,,,,,,,,,
3027,,,,,,,,,,,,,,,,,,,0.09,,,,,,,,,,,
3028,,,,,,,,,,,,,,,,,,,0.1,,,,,,,,,,,
3029,,,,,,,,,,,,,,,,,,,0.11,,,,,,,,,,,
3030,,,,,,,,,,,,,,,,,,,0.12,,,,,,,,,,,
3031,,,,,,,,,,,,,,,,,,,0.13,,,,,,,,,,,
101,,-0.5,,3430,,143,,386,,168,,,,9.6,,,,0.1,0.3,,20,,,,,,,,10,
102,,-0.5,,3840,,160,,408,,185,,,,9.6,,,,0.1,0.3,,20,,,,,,,,10,
201,,-0.5,,4720,,197,,463,,300,,,,9.9,,,,0.1,0.3,,20,,,,,,,,10,
202,,-0.5,,5600,,233,,505,,375,,,,10.4,,,,0.1,0.3,,20,,,,,,,,10,
209,,,,,0.2,,,,0.15,,0.1,,,,,,,,,,,,,,,,,,,
301,,-0.5,,3960,,165,,388,,354,,,,9.8,,,,0.1,0.3,,20,,,,,,,,10,
302,,-0.5,,4860,,203,,437,,409,,,,9.8,,,,0.1,0.3,,20,,,,,,,,10,
401,,-0.5,,3770,,157,,438,,185,,,,9.6,,,,0.1,0.3,,20,,,,,,,,10,
402,,-0.5,,4460,,186,,493,,252,,,,10,,,,0.1,0.3,,20,,,,,,,,10,
501,,-0.5,,2970,,124,,400,,278,,,,10.1,,,,0.1,0.3,,20,,,,,,,,10,
502,,-0.5,,3500,,146,,421,,300,,,,10.1,,,,0.1,0.3,,20,,,,,,,,10,
601,,-0.5,,4020,,146,,392,,300,,,,10.2,,,,0.1,0.3,,20,,,,,,,,10,
602,,-0.5,,5000,,187,,434,,353,,,,10.2,,,,0.1,0.3,,20,,,,,,,,10,
701,,-0.5,,3600,,150,,347,,188,,,,9.7,,,,0.1,0.3,,20,,,,,,,,10,
702,,-0.5,,3960,,165,,367,,221,,,,9.7,,,,0.1,0.3,,20,,,,,,,,10,
801,,-0.5,,4370,,160,,442,,235,,,,10.3,,,,0.1,0.3,,20,,,,,,,,10,
802,,-0.5,,5070,,190,,480,,274,,,,10.3,,,,0.1,0.3,,20,,,,,,,,10,
901,,-0.5,,4120,,172,,493,,210,,,,10.6,,,,0.1,0.3,,20,,,9005,,,,,10,
902,,-0.5,,4970,,207,,532,,256,,,,10.6,,,,0.1,0.3,,20,,,9005,,,,,10,
10001,-0.2,-0.5,,4370,,182,,463,,257,,,,10,,,,0.1,0.3,,20,,,,,,,,10,
10002,-0.2,-0.5,,5250,,219,,497,,289,,,,10,,,,0.1,0.3,,20,,,,,,,,10,
11001,,-0.5,PVP1V1BuffHP+996003+-0.3,5040,,210,,428,,387,,,,10.3,,,,0.1,0.3,,20,,,,,,,,10,
11002,,-0.5,PVP1V1BuffHP+996003+-0.3,6120,,255,,490,,420,,,,10.3,,,,0.1,0.3,,20,,,,,,,,10,
11009,,,EnergeRecover+11001+0.5&EnergeRecover+11002+0.5&EnergeRecover+11003+0.5&EnergeRecover+11005+0.5&EnergeRecover+11007+0.5&SkillAttack+11005+0.2&SkillAttack+11007+0.2,,0.15,,,,0.1,,0.2,,,,,,,,,,,,,,,,,,,
12001,,-0.5,,4800,,200,,472,,347,,,,10.4,,,,0.1,0.3,,20,,,,,,,,10,
12002,,-0.5,,5830,,243,,528,,399,,,,10.4,,,,0.1,0.3,,20,,,,,,,,10,
13001,,-0.5,,4630,,193,,498,,284,,,,10.5,,,,0.1,0.3,,20,,,,,,,,10,
13002,,-0.5,,5760,,240,,558,,347,,,,10.5,,,,0.1,0.3,,20,,,,,,,,10,
14001,,-0.5,,4970,,207,,457,,376,,,,10.5,,,,0.1,0.3,,20,,,,,,,,10,
14002,,-0.5,,6120,,255,,510,,442,,,,10.5,,,,0.1,0.3,,20,,,,,,,,10,
15001,,-0.5,,4730,,197,,485,,326,,,,10.4,,,,0.1,0.3,,20,,,,,,,,10,
15002,,-0.5,,5830,,243,,528,,378,,,,10.4,,,,0.1,0.3,,20,,,,,,,,10,
16001,,-0.5,,5250,,219,,505,,385,,,,10.5,,,,0.1,0.3,,20,,,,,,,,10,
16002,,-0.5,,6370,,265,,564,,428,,,,10.5,,,,0.1,0.3,,20,,,,,,,,10,
17001,,-0.5,,4770,,199,,476,,372,,,,10.6,,,,0.1,0.3,,20,,,,,,,,10,
17002,,-0.5,,5830,,243,,536,,420,,,,10.6,,,,0.1,0.3,,20,,,,,,,,10,
18001,,-0.5,,5040,,210,,477,,378,,,,10.5,,,,0.1,0.3,,20,,,,,,,,10,
18002,,-0.5,,6300,,263,,522,,449,,,,10.5,,,,0.1,0.3,,20,,,,,,,,10,
18009,,,EnergeRecover+18005+-0.4&EnergeRecover+18007+-0.4,,,,,,-0.1,,-0.15,,,,,,,,,,,,,,,,,,,
19001,,-0.5,,5600,,233,,488,,364,,,,10.5,,,,0.1,0.3,,20,,,,,,,,10,
19002,,-0.5,,7000,,292,,526,,407,,,,10.5,,,,0.1,0.3,,20,,,,,,,,10,
20001,,-0.5,,5010,,209,,502,,313,,,,10.6,,,,0.1,0.3,,20,,,20005,,,,,10,
20002,,-0.5,,6350,,265,,549,,357,,,,10.6,,,,0.1,0.3,,20,,,20005,,,,,10,
21001,,-0.5,,4900,,204,,490,,376,,,,10.5,,,,0.1,0.3,,20,,,,,,,,10,
21002,,-0.5,,6340,,264,,534,,446,,,,10.5,,,,0.1,0.3,,20,,,,,,,,10,
22001,,-0.5,,5420,,226,,484,,396,,,,10.6,,,,0.1,0.3,,20,,,,,,,,10,
22002,,-0.5,,7000,,292,,518,,460,,,,10.6,,,,0.1,0.3,,20,,,,,,,,10,
22009,,,EnergeRecover+22005+-0.5&EnergeRecover+22007+-0.5,,-0.1,,,,,,-0.2,,,,,,,,,,,,,,,,,,,
90001,,-0.5,,4970,,207,,511,,294,,,,10.6,,,,0.1,0.3,,20,,,,,,,,10,
90002,,-0.5,,6690,,279,,575,,368,,,,10.6,,,,0.1,0.3,,20,,,,,,,,10,
91001,,-0.5,,5040,,210,,488,,371,,,,10.6,,,,0.1,0.3,,20,,,,,,,,10,
91002,,-0.5,,6480,,270,,514,,433,,,,10.6,,,,0.1,0.3,,20,,,,,,,,10,
91009,,,SkillAttack+91005+-0.2&SkillAttack+91007+-0.2,,,,,,,,,,,,,,,,,,,,,,,,,,,
23001,,-0.5,,4990,,208,,508,,305,,,,10.6,,,,0.1,0.3,,20,,,,,,,,10,
23002,,-0.5,,6860,,286,,579,,399,,,,10.6,,,,0.1,0.3,,20,,,,,,,,10,
24001,,-0.5,,5010,,209,,494,,362,,,,10.6,,,,0.1,0.3,,20,,,24005,,,,,10,
24002,,-0.5,,6660,,278,,539,,431,,,,10.6,,,,0.1,0.3,,20,,,24007-24008-24009,,,,,10,
25001,,-0.5,,5350,,223,,505,,392,,,,10.5,,,,0.1,0.3,,20,,,,,,,,10,
25002,,-0.5,,7000,,292,,552,,460,,,,10.5,,,,0.1,0.3,,20,,,,,,,,10,
26001,,-0.5,,5080,,212,,515,,311,,,,10.6,,,,0.1,0.3,,20,,,,,,,,10,
26002,,-0.5,,6520,,272,,592,,389,,,,10.6,,,,0.1,0.3,,20,,,,,,,,10,
27001,,-0.5,,5390,,225,,514,,407,,,,10.7,,,,0.1,0.3,,20,,,,,,,,10,
27002,,-0.5,,7350,,306,,610,,492,,,,10.7,,,,0.1,0.3,,20,,,,,,,,10,
28001,,-0.5,,5040,,210,,526,,307,,,,10.8,,,,0.1,0.3,,20,,,28005,,,,,10,
28002,,-0.5,,6790,,283,,596,,387,,,,10.8,,,,0.1,0.3,,20,,,28007,,,,,10,
29001,,-0.5,,5280,,220,,514,,387,,,,10.5,,,,0.1,0.3,,20,,,,,,,,10,
29002,,-0.5,,6790,,283,,601,,452,,,,10.5,,,,0.1,0.3,,20,,,,,,,,10,
30001,,-0.5,,5210,,217,,523,,336,,,,10.6,,,,0.1,0.3,,20,,,999999,,,,,10,
30002,,-0.5,,7550,,315,,613,,416,,,,10.6,,,,0.1,0.3,,20,,,999998,,,,,10,
31001,,-0.5,,5220,,218,,494,,362,,,,10.6,,,,0.1,0.3,,20,,,,,,,,10,
31002,,-0.5,,7960,,332,,567,,475,,,,10.6,,,,0.1,0.3,,20,,,993529,,,,,10,
32001,,-0.5,,5080,,212,,523,,305,,,,10.8,,,,0.1,0.3,,20,,,,,,,,10,
32002,,-0.5,,7030,,293,,622,,397,,,,10.6,,,,0.1,0.3,,20,,,,,,,,10,
33001,,-0.5,,5320,,222,,501,,347,,,,10.5,,,,0.1,0.3,,20,,,,,,,,10,
33002,,-0.5,,7350,,306,,589,,441,,,,10.5,,,,0.1,0.3,,20,,,993015,,,,,10,
34001,,-0.5,,5150,,215,,519,,338,,,,10.6,,,,0.1,0.3,,20,,,34005,,,,,10,
34002,,-0.5,,7070,,295,,618,,428,,,,10.6,,,,0.1,0.3,,20,,,34002-34007,,,,,10,
35001,,-0.5,,5460,,228,,497,,364,,,,10.5,,,,0.1,0.3,,20,,,,,,,,10,
35002,,-0.5,,7280,,303,,581,,452,,,,10.5,,,,0.1,0.3,,20,,,35001-35002-35003,,,,,10,
36001,,-0.5,,5010,,209,,528,,305,,,,10.6,,,,0.1,0.3,,20,,,,,,,,10,
36002,,-0.5,,7030,,293,,622,,399,,,,10.6,,,,0.1,0.3,,20,,,,,,,,10,
37001,,-0.5,,4730,,197,,558,,309,,,,10.6,,,,0.1,0.3,,20,,,37005,,,,,10,
37002,,-0.5,,7070,,295,,648,,393,,,,10.6,,,,0.1,0.3,,20,,,37005-999073,,,,,10,
38001,,-0.5,,5490,,229,,505,,351,,,,10.5,,,,0.1,0.3,,20,,,,,,,,10,
38002,,-0.5,,7700,,321,,594,,443,,,,10.5,,,,0.1,0.3,,20,,,38006-38007,,,,,10,
39001,,-0.5,,5080,,212,,566,,302,,,,10.5,,,,0.1,0.3,,20,,,39005,,,,,10,
40001,,-0.5,,5260,,219,,481,,367,,,,10.6,,,,0.1,0.3,,20,,,991032-993017,,,,,10,
41001,,-0.5,,5110,,213,,571,,298,,,,10.5,,,,0.1,0.3,,20,,,,,,,,10,
42001,,-0.5,,5530,,230,,505,,351,,,,10.5,,,,0.1,0.3,,20,,,,,,,,10,
411,,,,1720,,,,165,,150,,,,10.3,,,,0.1,0.3,,5000,,,,,,,,5000,
711,,,,2340,,,,143,,243,,,,,,,,0.1,0.3,,5000,,,,,,,,5000,
712,,,,2340,,,,143,,243,,,,,,,,0.1,0.3,,5000,,,,,,,,5000,
1801,,,,1800,,,,250,,250,,,,10,,,,0.1,0.3,,5000,,,,,,,,5000,
3201,,,,2210,,,,297,,225,,,,10,,,,0.1,0.3,,5000,,,,,,,,5000,
3601,,,,2450,,,,281,,255,,,,10,,,,0.1,0.3,,5000,,,,,,,,5000,
3801,,,,2450,,,,281,,255,,,,10,,,,0.1,0.3,,5000,,,,,,,,5000,
1002,,,,,,,,,0.5,,,,,,,0.2,0.2,,,,,,,,,,,,,
1003,,,,,,,,,100,,,,,,,,,,,,,,,,,,,,,
1004,,,,,,,,,0.15,,,,,,,,,,,,,,,,,,,,,
1005,,,,,,,,,0.08,,,,,,,,,,,,,,,,,,,,,
1009,,,,,,,,,0.15,,,,,,,,,,,,,,,,,,,,,
5503,,,,,,,-6,,,,,,,,,,,,,,,,,,,,,,,
1006,,,,,,,,,,,,,,,,,,0.1,,,,,,,,,,,,
1007,,,,,,,,,,,,,,,,,,,0.25,,,,,,,,,,,
1008,,,,,,,,,0.3,,,,,,,,,,,,,,,,,,,,,
2005,,,,,,,,,,,0.3,,,,,,,,,,,,,,,,,,,
2006,,,,,,,,,,,0.3,,,,,,,,,,,,,,,,,,,
2007,,,,,,,,,,,0.3,,,,,,,,,,,,,,,,,,,
1010,,,,,,,,,,,,,,,,,,0.15,,,,,,,,,,,,
1011,,,,,,,,,0.2,,,,,,,,,,,,,,,,,,,,,
1012,,,,,,,,,,,,,,,,,,0.06,,,,,,,,,,,,
1013,,,,,,,,,0.3,,,,,,,,,,,,,,,,,,,,,
1014,,,,,,,,,0.15,,,,,,,,,,,,,,,,,,,,,
2008,,,,,,,,,,,0.15,,,,,,,,,,,,,,,,,,,
1015,,,,,,,,,0.15,,,,,,,,,,,,,,,,,,,,,
1016,,,,,,,,,0.3,,,,,,,,,,,,,,,,,,,,,
1017,,,,,,,,,,,,,,,,,,0.2,,,,,,,,,,,,
1018,,,,,,,,,,,,,,,,,,0.15,,,,,,,,,,,,
1019,,,,,,,,,,,,,,,,,,,0.2,,,,,,,,,,,
1020,,,,,,,,,,,,,,,,,,,,,,,,,,0.15,,,,
1021,,,,,,,,,-0.5,,,,,,,,,,,,,,,,,,,,,
1022,,,,,,,,,-1,,,,,,,,,,,,,,,,,,,,,
1023,,,,,,,,,-1.5,,,,,,,,,,,,,,,,,,,,,
1024,,,,,,,,,0.06,,0.12,,,,,,,,,,,,,,,,,,,
1025,,,,,,,,,0.12,,0.24,,,,,,,,,,,,,,,,,,,
1026,,,,,,,,,0.18,,0.36,,,,,,,,,,,,,,,,,,,
1027,,,,,,,,,0.24,,0.48,,,,,,,,,,,,,,,,,,,
2009,,,,,,,,,,,0.3,,,,,,,,,,,,,,,,,,,
2010,,,,,,,,,,,0.3,,,,,,,,,,,,,,,,,,,
2011,,,,,,,,,,,0.6,,,,,,,,,,,,,,,,,,,
2012,,,,,,,,,,,,,,,,,,-0.2,,,,,,,,,,,,
2802,,,,,,,,,,,,,,,,,0.8,,,,,,,,,,,,,
2803,,,,,,,,,0.3,,,,,,,0.3,,,,,,,,,,,,,,
2804,,,,,,,,,,,,,,,,,,,,,,,,2804,,,,,,
990048,,,,,,,,,0.3,,,,,,,0.3,,,,,,,,,,,,,,
993527,,,,,,,,,,,,,,,,,,,,,,,,993527,,,,,,
993528,,,,,,,,,0.15,,0.6,,,,,,,,,,,,,,,,,,,
993540,,,,,,,,,,,,,,,,,,,,,,,,993540,,,,,,
993542,,,,,,,,,,,,,,,,,,,,,,,,993542,,,,,,
993545,,,,,,,,,,,,,,,,,,,,,,,,993545,,,,,,
993549,,,,,,,,,,,,,,,,,,,,,,,,993549,,,,,,
999038,,,,,,,,,-0.02,,,,,,,,,-0.06,,,,,,,,,,,,
999040,,,,,,,,,,,,,,,,,,-0.5,,,,,,,,,,,,
995006,,,,,,,0.15,,,,,,,,,,,,,,,,,,,,,,,
995007,,,,,,,0.2,,,,,,,,,,,,,,,,,,,,,,,
992031,,,,,,,0.15,,,,0.6,,,,,,,,,,,,,,,,,,,
9910003,,,,,0.1,,,,0.1,,,,,,,,,,,,,,,,,,,,,
999001,,,,1000,,,,250,,150,,,,12,,,,0.1,0.5,,20,,,,,,,,10,
999002,,,,1100,,,,253,,150,,,,12,,,,0.1,0.5,,20,,,,,,,,10,
999003,,,,1200,,,,255,,150,,,,12,,,,0.1,0.5,,20,,,,,,,,10,
999004,,,,1300,,,,258,,150,,,,12,,,,0.1,0.5,,20,,,,,,,,10,
999005,,,,1400,,,,260,,150,,,,12,,,,0.1,0.5,,20,,,,,,,,10,
999006,,,,1550,,,,265,,150,,,,12,,,,0.1,0.5,,20,,,,,,,,10,
999007,,,,1700,,,,270,,150,,,,12,,,,0.1,0.5,,20,,,,,,,,10,
999008,,,,1850,,,,275,,150,,,,12,,,,0.1,0.5,,20,,,,,,,,10,
999009,,,,2000,,,,280,,150,,,,12,,,,0.1,0.5,,20,,,,,,,,10,
999010,,,,2200,,,,288,,150,,,,12,,,,0.1,0.5,,20,,,,,,,,10,
999011,,,,2400,,,,295,,150,,,,12,,,,0.1,0.5,,20,,,,,,,,10,
999012,,,,2600,,,,303,,150,,,,12,,,,0.1,0.5,,20,,,,,,,,10,
999013,,,,2800,,,,310,,150,,,,12,,,,0.1,0.5,,20,,,,,,,,10,
999014,,,,3100,,,,323,,150,,,,12,,,,0.1,0.5,,20,,,,,,,,10,
999015,,,,3400,,,,335,,150,,,,12,,,,0.1,0.5,,20,,,,,,,,10,
999016,,,,3700,,,,348,,150,,,,12,,,,0.1,0.5,,20,,,,,,,,10,
999017,,,,4100,,,,360,,150,,,,12,,,,0.1,0.5,,20,,,,,,,,10,
999018,,,,4600,,,,380,,150,,,,12,,,,0.1,0.5,,20,,,,,,,,10,
999019,,,,5200,,,,400,,150,,,,12,,,,0.1,0.5,,20,,,,,,,,10,
999020,,,,5800,,,,420,,150,,,,12,,,,0.1,0.5,,20,,,,,,,,10,
999021,,,,990,,,,278,,128,,,,12,,,,0.1,0.5,,20,,,,,,,,10,
999022,,,,1080,,,,281,,128,,,,12,,,,0.1,0.5,,20,,,,,,,,10,
999023,,,,1170,,,,284,,128,,,,12,,,,0.1,0.5,,20,,,,,,,,10,
999024,,,,1260,,,,286,,128,,,,12,,,,0.1,0.5,,20,,,,,,,,10,
999025,,,,1530,,,,297,,128,,,,12,,,,0.1,0.5,,20,,,,,,,,10,
999026,,,,1665,,,,303,,128,,,,12,,,,0.1,0.5,,20,,,,,,,,10,
999027,,,,1800,,,,308,,128,,,,12,,,,0.1,0.5,,20,,,,,,,,10,
999028,,,,1980,,,,317,,128,,,,12,,,,0.1,0.5,,20,,,,,,,,10,
999029,,,,2340,,,,333,,128,,,,12,,,,0.1,0.5,,20,,,,,,,,10,
999030,,,,2520,,,,341,,128,,,,12,,,,0.1,0.5,,20,,,,,,,,10,
999031,,,,2790,,,,355,,128,,,,12,,,,0.1,0.5,,20,,,,,,,,10,
999032,,,,3060,,,,369,,128,,,,12,,,,0.1,0.5,,20,,,,,,,,10,
999033,,,,3690,,,,396,,128,,,,12,,,,0.1,0.5,,20,,,,,,,,10,
999034,,,,4140,,,,418,,128,,,,12,,,,0.1,0.5,,20,,,,,,,,10,
999035,,,,4680,,,,440,,128,,,,12,,,,0.1,0.5,,20,,,,,,,,10,
999036,,,,5220,,,,462,,128,,,,12,,,,0.1,0.5,,20,,,,,,,,10,
999041,,,,800,,,,300,,105,,,,12,,,,0.1,0.5,,20,,,,,,,,10,
999042,,,,880,,,,304,,105,,,,12,,,,0.1,0.5,,20,,,,,,,,10,
999043,,,,960,,,,306,,105,,,,12,,,,0.1,0.5,,20,,,,,,,,10,
999044,,,,1040,,,,310,,105,,,,12,,,,0.1,0.5,,20,,,,,,,,10,
999045,,,,1120,,,,312,,105,,,,12,,,,0.1,0.5,,20,,,,,,,,10,
999046,,,,1240,,,,318,,105,,,,12,,,,0.1,0.5,,20,,,,,,,,10,
999047,,,,1360,,,,324,,105,,,,12,,,,0.1,0.5,,20,,,,,,,,10,
999048,,,,1480,,,,330,,105,,,,12,,,,0.1,0.5,,20,,,,,,,,10,
999049,,,,1600,,,,336,,105,,,,12,,,,0.1,0.5,,20,,,,,,,,10,
999050,,,,1760,,,,346,,105,,,,12,,,,0.1,0.5,,20,,,,,,,,10,
999051,,,,1920,,,,354,,105,,,,12,,,,0.1,0.5,,20,,,,,,,,10,
999052,,,,2080,,,,364,,105,,,,12,,,,0.1,0.5,,20,,,,,,,,10,
999053,,,,2240,,,,372,,105,,,,12,,,,0.1,0.5,,20,,,,,,,,10,
999054,,,,2480,,,,388,,105,,,,12,,,,0.1,0.5,,20,,,,,,,,10,
999055,,,,2720,,,,402,,105,,,,12,,,,0.1,0.5,,20,,,,,,,,10,
999056,,,,2960,,,,418,,105,,,,12,,,,0.1,0.5,,20,,,,,,,,10,
999057,,,,3280,,,,432,,105,,,,12,,,,0.1,0.5,,20,,,,,,,,10,
999058,,,,3680,,,,456,,105,,,,12,,,,0.1,0.5,,20,,,,,,,,10,
999059,,,,4160,,,,480,,105,,,,12,,,,0.1,0.5,,20,,,,,,,,10,
999060,,,,4640,,,,504,,105,,,,12,,,,0.1,0.5,,20,,,,,,,,10,
999061,,,,1680,,,,166,,180,,,,11,,,,0.1,0.5,,20,,,,,,,,10,
999062,,,,1820,,,,168,,180,,,,11,,,,0.1,0.5,,20,,,,,,,,10,
999063,,,,1960,,,,169,,180,,,,11,,,,0.1,0.5,,20,,,,,,,,10,
999064,,,,2590,,,,179,,180,,,,11,,,,0.1,0.5,,20,,,,,,,,10,
999065,,,,2800,,,,182,,180,,,,11,,,,0.1,0.5,,20,,,,,,,,10,
999066,,,,3080,,,,187,,180,,,,11,,,,0.1,0.5,,20,,,,,,,,10,
999067,,,,3920,,,,202,,180,,,,11,,,,0.1,0.5,,20,,,,,,,,10,
999068,,,,4340,,,,210,,180,,,,11,,,,0.1,0.5,,20,,,,,,,,10,
999069,,,,4760,,,,218,,180,,,,11,,,,0.1,0.5,,20,,,,,,,,10,
999070,,,,6440,,,,247,,180,,,,11,,,,0.1,0.5,,20,,,,,,,,10,
999071,,,,7280,,,,260,,180,,,,11,,,,0.1,0.5,,20,,,,,,,,10,
999072,,,,8120,,,,273,,180,,,,11,,,,0.1,0.5,,20,,,,,,,,10,
999081,,,,3000,,,,332,,180,,,,12,,,,0.1,0.5,,20,,,,,,,,10,
999082,,,,3250,,,,335,,180,,,,12,,,,0.1,0.5,,20,,,,,,,,10,
999083,,,,3500,,,,338,,180,,,,12,,,,0.1,0.5,,20,,,,,,,,10,
999084,,,,4625,,,,358,,180,,,,12,,,,0.1,0.5,,20,,,,,,,,10,
999085,,,,5000,,,,364,,180,,,,12,,,,0.1,0.5,,20,,,,,,,,10,
999086,,,,5500,,,,374,,180,,,,12,,,,0.1,0.5,,20,,,,,,,,10,
999087,,,,7000,,,,403,,180,,,,12,,,,0.1,0.5,,20,,,,,,,,10,
999088,,,,7750,,,,420,,180,,,,12,,,,0.1,0.5,,20,,,,,,,,10,
999089,,,,8500,,,,436,,180,,,,12,,,,0.1,0.5,,20,,,,,,,,10,
999090,,,,11500,,,,494,,180,,,,12,,,,0.1,0.5,,20,,,,,,,,10,
999091,,,,13000,,,,520,,180,,,,12,,,,0.1,0.5,,20,,,,,,,,10,
999092,,,,14500,,,,546,,180,,,,12,,,,0.1,0.5,,20,,,,,,,,10,
999101,,,,19600,,,,650,,225,,,,13,,,,0.1,0.5,,100,,,,,,,,100,
999102,,,,30800,,,,720,,225,,,,13,,,,0.1,0.5,,100,,,,,,,,100,
999103,,,,47600,,,,838,,225,,,,13,,,,0.1,0.5,,100,,,,,,,,100,
999104,,,,81200,,,,1050,,225,,,,13,,,,0.1,0.5,,100,,,,,,,,100,
999105,,,,16800,,,,780,,180,,,,11,,,,0.1,0.5,,100,,,,,,,,100,
999106,,,,26400,,,,864,,180,,,,11,,,,0.1,0.5,,100,,,,,,,,100,
999107,,,,40800,,,,1005,,180,,,,11,,,,0.1,0.5,,100,,,,,,,,100,
999108,,,,69600,,,,1260,,180,,,,11,,,,0.1,0.5,,100,,,,,,,,100,
999109,,,,14000,,,,910,,150,,,,15,,,,0.1,0.5,,100,,,,,,,,100,
999110,,,,22000,,,,1008,,150,,,,15,,,,0.1,0.5,,100,,,,,,,,100,
999111,,,,34000,,,,1173,,150,,,,15,,,,0.1,0.5,,100,,,,,,,,100,
999112,,,,58000,,,,1470,,150,,,,15,,,,0.1,0.5,,100,,,,,,,,100,
999113,,,,13000,,,,100,,100,,,,6,,,,0.1,0.5,,20,,,,,,,,10,
993524,,,,,,,,,,,,,,,,,,,,,,,,993524,,,,,,
993526,,,,,,,,,,,,,,,,,,,,,,,,993526,,,,,,
FA0010,,,,,,,,,,,,,,,,,,0.02,,,,,,,,,,,,
FA0011,,,,,,,,,,,,,,,,,,0.03,,,,,,,,,,,,
FA0012,,,,,,,,,,,,,,,,,,0.05,,,,,,,,,,,,
FA0013,,,,,,,,,,,,,,,,,,0.07,,,,,,,,,,,,
FA0014,,,,,,,,,,,,,,,,,,0.1,,,,,,,,,,,,
FA0020,,,,,0.02,,,,,,,,,,,,,,,,,,,,,,,,,
FA0021,,,,,0.03,,,,,,,,,,,,,,,,,,,,,,,,,
FA0022,,,,,0.05,,,,,,,,,,,,,,,,,,,,,,,,,
FA0023,,,,,0.07,,,,,,,,,,,,,,,,,,,,,,,,,
FA0024,,,,,0.1,,,,,,,,,,,,,,,,,,,,,,,,,
FA0030,,,,,,,,,,,,,,,,0.03,,,,,,,,,,,,,,
FA0031,,,,,,,,,,,,,,,,0.05,,,,,,,,,,,,,,
FA0032,,,,,,,,,,,,,,,,0.07,,,,,,,,,,,,,,
FA0033,,,,,,,,,,,,,,,,0.09,,,,,,,,,,,,,,
FA0034,,,,,,,,,,,,,,,,0.12,,,,,,,,,,,,,,
FA0040,,,,,,,,,,,,,,,,,,,,0.02,,,,,,,,,,
FA0041,,,,,,,,,,,,,,,,,,,,0.03,,,,,,,,,,
FA0042,,,,,,,,,,,,,,,,,,,,0.05,,,,,,,,,,
FA0043,,,,,,,,,,,,,,,,,,,,0.07,,,,,,,,,,
FA0044,,,,,,,,,,,,,,,,,,,,0.1,,,,,,,,,,
FA0050,,,,,,,,,,,,,,,,,,,,,,,,999014,,,,,,
FA0051,,,,,,,,,,,,,,,,,,,,,,,,999015,,,,,,
FA0052,,,,,,,,,,,,,,,,,,,,,,,,999016,,,,,,
FA0053,,,,,,,,,,,,,,,,,,,,,,,,999017,,,,,,
FA0054,,,,,,,,,,,,,,,,,,0.18,,,,,,999018,,,,,,
FA0060,,,,,0.05,,,,,,,,,,,,,,,,,,,,,,,,,
FA0061,,,,,0.08,,,,,,,,,,,,,,,,,,,,,,,,,
FA0062,,,,,0.11,,,,,,,,,,,,,,,,,,,,,,,,,
FA0063,,,,,0.14,,,,,,,,,,,,,,,,,,,,,,,,,
FA0064,,,,,0.2,,,,,,,,,,,,,,,,,,,,,,,,,
FA0070,,,,,,,,,,,0.08,,,,,,,,,,,,,,,,,,,
FA0071,,,,,,,,,,,0.12,,,,,,,,,,,,,,,,,,,
FA0072,,,,,,,,,,,0.18,,,,,,,,,,,,,,,,,,,
FA0073,,,,,,,,,,,0.25,,,,,,,,,,,,,,,,,,,
FA0074,,,,,,,,,,,0.35,,,,,,,,,,,,,,,,,,,
FA0080,,,,,,,,,,,,,,,,,,0.04,,,,,,,,,,,,
FA0081,,,,,,,,,,,,,,,,,,0.07,,,,,,,,,,,,
FA0082,,,,,,,,,,,,,,,,,,0.1,,,,,,,,,,,,
FA0083,,,,,,,,,,,,,,,,,,0.13,,,,,,,,,,,,
FA0084,,,,,,,,,,,,,,,,,,0.18,0.25,,,,,,,,,,,
FA0090,,,,,0.08,,,,,,,,,,,,,,,,,,,,,,,,,
FA0091,,,,,0.12,,,,,,,,,,,,,,,,,,,,,,,,,
FA0092,,,,,0.18,,,,,,,,,,,,,,,,,,,,,,,,,
FA0093,,,,,0.25,,,,,,,,,,,,,,,,,,,,,,,,,
FA0094,,,,,0.35,,,,,,,,,,,,,,,,,,,999037,,,,,,
FA0104,,,,,,,,,,,0.45,,,,,,,,,,,,,992511,,,,,,
FA0110,,,,,,,0.05,,,,,,,,,,,,,,,,,,,,,,,
FA0111,,,,,,,0.08,,,,,,,,,,,,,,,,,,,,,,,
FA0112,,,,,,,0.12,,,,,,,,,,,,,,,,,,,,,,,
FA0113,,,,,,,0.16,,,,,,,,,,,,,,,,,,,,,,,
FA0114,,,,,,,0.2,,,,,,,,,0.5,,,,,,,,,,,,,,
FA0124,,,,,0.35,,,,,,,,,,,,,,,,,,,993016,,,,,,
FA0130,,,,,,,,,,,,,,,,0.08,,,0.04,,,,,,,,,,,
FA0131,,,,,,,,,,,,,,,,0.12,,,0.07,,,,,,,,,,,
FA0132,,,,,,,,,,,,,,,,0.16,,,0.1,,,,,,,,,,,
FA0133,,,,,,,,,,,,,,,,0.25,,,0.13,,,,,,,,,,,
FA0134,,,,,,,,,,,,,,,,0.4,,,0.2,,,,,990027,,,,,,
FA0140,,,,,,,,,,,,,0.05,,,,,,,,,,,,,,,,,
FA0141,,,,,,,,,,,,,0.08,,,,,,,,,,,,,,,,,
FA0142,,,,,,,,,,,,,0.12,,,,,,,,,,,,,,,,,
FA0143,,,,,,,,,,,,,0.17,,,,,,,,,,,,,,,,,
FA0144,,,,,,,,,,,,,0.25,,,,,,,,,,,999069,,,,,,
FA0154,,,,,0.35,,,,,,,,,,,,,,,,,,,992030,,,,,,
FA0160,,,,,,,0.05,,,,,,,,,,,,,,,,,990049,,,,,,
FA0161,,,,,,,0.08,,,,,,,,,,,,,,,,,990049,,,,,,
FA0162,,,,,,,0.12,,,,,,,,,,,,,,,,,990049,,,,,,
FA0163,,,,,,,0.16,,,,,,,,,,,,,,,,,990049,,,,,,
FA0164,,,,,,,0.2,,,,0.35,,,,,,,,,0.25,,,,,,,,,,
Build01_1_1,,,,,,,,,0.02,,,,,,,,,,,,,,,,,,,,,
Build01_2_1,,,,,,,,,0.04,,,,,,,,,,,,,,,,,,,,,
Build01_3_1,,,,,,,,,0.06,,,,,,,,,,,,,,,,,,,,,
Build01_4_1,,,,,,,,,0.08,,,,,,,,,,,,,,,,,,,,,
Build01_5_1,,,,,,,,,0.1,,,,,,,,,,,,,,,,,,,,,
Build01_6_1,,,,,,,,,0.12,,,,,,,,,,,,,,,,,,,,,
Build01_7_1,,,,,,,,,0.14,,,,,,,,,,,,,,,,,,,,,
Build01_8_1,,,,,,,,,0.16,,,,,,,,,,,,,,,,,,,,,
Build01_9_1,,,,,,,,,0.18,,,,,,,,,,,,,,,,,,,,,
Build01_10_1,,,,,,,,,0.2,,,,,,,,,,,,,,,,,,,,,
Build01_1_2,,,,,,,,,0.02,,,,,,,,,,,,,,,,,,,,,
Build01_2_2,,,,,,,,,0.03,,,,,,,,,,,,,,,,,,,,,
Build01_3_2,,,,,,,,,0.04,,,,,,,,,,,,,,,,,,,,,
Build01_4_2,,,,,,,,,0.05,,,,,,,,,,,,,,,,,,,,,
Build01_5_2,,,,,,,,,0.06,,,,,,,,,,,,,,,,,,,,,
Build01_6_2,,,,,,,,,0.07,,,,,,,,,,,,,,,,,,,,,
Build01_7_2,,,,,,,,,0.08,,,,,,,,,,,,,,,,,,,,,
Build01_8_2,,,,,,,,,0.09,,,,,,,,,,,,,,,,,,,,,
Build01_9_2,,,,,,,,,0.1,,,,,,,,,,,,,,,,,,,,,
Build01_10_2,,,,,,,,,0.11,,,,,,,,,,,,,,,,,,,,,
Build02_1_1,,,,,,,,,,,0.06,,,,,,,,,,,,,,,,,,,
Build02_2_1,,,,,,,,,,,0.12,,,,,,,,,,,,,,,,,,,
Build02_3_1,,,,,,,,,,,0.18,,,,,,,,,,,,,,,,,,,
Build02_4_1,,,,,,,,,,,0.24,,,,,,,,,,,,,,,,,,,
Build02_5_1,,,,,,,,,,,0.3,,,,,,,,,,,,,,,,,,,
Build02_6_1,,,,,,,,,,,0.36,,,,,,,,,,,,,,,,,,,
Build02_7_1,,,,,,,,,,,0.42,,,,,,,,,,,,,,,,,,,
Build02_8_1,,,,,,,,,,,0.48,,,,,,,,,,,,,,,,,,,
Build02_9_1,,,,,,,,,,,0.54,,,,,,,,,,,,,,,,,,,
Build02_10_1,,,,,,,,,,,0.6,,,,,,,,,,,,,,,,,,,
Build02_1_2,,,,,,,,,,,,,,,,,,,,,,,,996015,,,,,,
Build02_2_2,,,,,,,,,,,,,,,,,,,,,,,,996016,,,,,,
Build02_3_2,,,,,,,,,,,,,,,,,,,,,,,,996017,,,,,,
Build02_4_2,,,,,,,,,,,,,,,,,,,,,,,,996018,,,,,,
Build02_5_2,,,,,,,,,,,,,,,,,,,,,,,,996019,,,,,,
Build02_6_2,,,,,,,,,,,,,,,,,,,,,,,,996020,,,,,,
Build02_7_2,,,,,,,,,,,,,,,,,,,,,,,,996021,,,,,,
Build02_8_2,,,,,,,,,,,,,,,,,,,,,,,,996022,,,,,,
Build02_9_2,,,,,,,,,,,,,,,,,,,,,,,,996023,,,,,,
Build02_10_2,,,,,,,,,,,,,,,,,,,,,,,,996024,,,,,,
Build03_1_1,,,,,,,,,,,,,,,,,,,0.02,,,,,999086,,,,,,
Build03_2_1,,,,,,,,,,,,,,,,,,,0.04,,,,,999086,,,,,,
Build03_3_1,,,,,,,,,,,,,,,,,,,0.06,,,,,999086,,,,,,
Build03_4_1,,,,,,,,,,,,,,,,,,,0.08,,,,,999086,,,,,,
Build03_5_1,,,,,,,,,,,,,,,,,,,0.1,,,,,999086,,,,,,
Build03_6_1,,,,,,,,,,,,,,,,,,,0.12,,,,,999086,,,,,,
Build03_7_1,,,,,,,,,,,,,,,,,,,0.14,,,,,999086,,,,,,
Build03_8_1,,,,,,,,,,,,,,,,,,,0.16,,,,,999086,,,,,,
Build03_9_1,,,,,,,,,,,,,,,,,,,0.18,,,,,999086,,,,,,
Build03_10_1,,,,,,,,,,,,,,,,,,,0.2,,,,,999086,,,,,,
Build03_1_2,,,,,,,,,,,,,,,,,,,0.02,,,,,999076,,,,,,
Build03_2_2,,,,,,,,,,,,,,,,,,,0.04,,,,,999077,,,,,,
Build03_3_2,,,,,,,,,,,,,,,,,,,0.06,,,,,999078,,,,,,
Build03_4_2,,,,,,,,,,,,,,,,,,,0.08,,,,,999079,,,,,,
Build03_5_2,,,,,,,,,,,,,,,,,,,0.1,,,,,999080,,,,,,
Build03_6_2,,,,,,,,,,,,,,,,,,,0.12,,,,,999081,,,,,,
Build03_7_2,,,,,,,,,,,,,,,,,,,0.14,,,,,999082,,,,,,
Build03_8_2,,,,,,,,,,,,,,,,,,,0.16,,,,,999083,,,,,,
Build03_9_2,,,,,,,,,,,,,,,,,,,0.18,,,,,999084,,,,,,
Build03_10_2,,,,,,,,,,,,,,,,,,,0.2,,,,,999085,,,,,,
Build04_1_1,,,,,0.05,,,,,,,,,,,,,,,,,,,,,,,,,
Build04_2_1,,,,,0.1,,,,,,,,,,,,,,,,,,,,,,,,,
Build04_3_1,,,,,0.15,,,,,,,,,,,,,,,,,,,,,,,,,
Build04_4_1,,,,,0.2,,,,,,,,,,,,,,,,,,,,,,,,,
Build04_5_1,,,,,0.25,,,,,,,,,,,,,,,,,,,,,,,,,
Build04_6_1,,,,,0.3,,,,,,,,,,,,,,,,,,,,,,,,,
Build04_7_1,,,,,0.35,,,,,,,,,,,,,,,,,,,,,,,,,
Build04_8_1,,,,,0.4,,,,,,,,,,,,,,,,,,,,,,,,,
Build04_9_1,,,,,0.45,,,,,,,,,,,,,,,,,,,,,,,,,
Build04_10_1,,,,,0.5,,,,,,,,,,,,,,,,,,,,,,,,,
Build04_1_2,,,,,0.03,,,,,,,,,,,,,,,,,,,,,,,,,
Build04_2_2,,,,,0.05,,,,,,,,,,,,,,,,,,,,,,,,,
Build04_3_2,,,,,0.07,,,,,,,,,,,,,,,,,,,,,,,,,
Build04_4_2,,,,,0.09,,,,,,,,,,,,,,,,,,,,,,,,,
Build04_5_2,,,,,0.11,,,,,,,,,,,,,,,,,,,,,,,,,
Build04_6_2,,,,,0.13,,,,,,,,,,,,,,,,,,,,,,,,,
Build04_7_2,,,,,0.15,,,,,,,,,,,,,,,,,,,,,,,,,
Build04_8_2,,,,,0.17,,,,,,,,,,,,,,,,,,,,,,,,,
Build04_9_2,,,,,0.19,,,,,,,,,,,,,,,,,,,,,,,,,
Build04_10_2,,,,,0.21,,,,,,,,,,,,,,,,,,,,,,,,,
