ID,Type,Group,NameKey,ItemIDs,SpecialItemIDs,Count,DropID,ExtraDropIDs,PriceItemID,Price,PrefabID,PrevStepID,IAPID,ResetType,ResetInterval,BuyLimit,LoginHourLimit,FreeInterval,FreeCumulative,FreeBuyLimit,BeginFree,VipLevel,ValueFunction,Value,Activity,VersionControls
910001,4,,T_NewStore_NameKey_910001,910001,9100011-9100012,,,,2,2700,,,,,,,,,,,,,,10,,
910002,4,,T_NewStore_NameKey_910002,910002,9100021-9100022,,,,2,2700,,,,,,,,,,,,,,10,,
910003,4,,T_NewStore_NameKey_910003,910003,9100031-9100032,,,,2,2700,,,,,,,,,,,,,,10,,
910004,4,,T_NewStore_NameKey_910004,910004,9100041-9100042,,,,2,2700,,,,,,,,,,,,,,10,,
910005,4,,T_NewStore_NameKey_910005,910005,9100051-9100052,,,,2,2700,,,,,,,,,,,,,,10,,
910006,4,,T_NewStore_NameKey_910006,910006,9100061-9100062,,,,2,2700,,,,,,,,,,,,,,10,,
910007,4,,T_NewStore_NameKey_910007,910007,9100071-9100072,,,,2,2700,,,,,,,,,,,,,,10,,
910008,4,,T_NewStore_NameKey_910008,910008,9100081-9100082,,,,2,2700,,,,,,,,,,,,,,10,,
910009,4,,T_NewStore_NameKey_910009,910009,9100091-9100092,,,,2,2700,,,,,,,,,,,,,,10,,
910010,4,,T_NewStore_NameKey_910010,910010,9100101-9100102,,,,2,2700,,,,,,,,,,,,,,10,,
910011,4,,T_NewStore_NameKey_910011,910011,9100111-9100112,,,,2,2700,,,,,,,,,,,,,,10,,
910012,4,,T_NewStore_NameKey_910012,910012,9100121-9100122,,,,2,2700,,,,,,,,,,,,,,10,,
910013,4,,T_NewStore_NameKey_910013,910013,9100131-9100132,,,,2,2700,,,,,,,,,,,,,,10,,
910014,4,,T_NewStore_NameKey_910014,910014,9100141-9100142,,,,2,2700,,,,,,,,,,,,,,10,,
910015,4,,T_NewStore_NameKey_910015,910015,9100151-9100152,,,,2,2700,,,,,,,,,,,,,,10,,
910016,4,,T_NewStore_NameKey_910016,910016,9100161-9100162,,,,2,2700,,,,,,,,,,,,,,10,,
910017,4,,T_NewStore_NameKey_910017,910017,9100171-9100172,,,,2,2700,,,,,,,,,,,,,,10,,
910018,4,,T_NewStore_NameKey_910018,910018,9100181-9100182,,,,2,2700,,,,,,,,,,,,,,10,,
910019,4,,T_NewStore_NameKey_910019,910019,9100191-9100192,,,,2,2700,,,,,,,,,,,,,,10,,
910020,4,,T_NewStore_NameKey_910020,910020,9100201-9100202,,,,2,2700,,,,,,,,,,,,,,10,,
910021,4,,T_NewStore_NameKey_910021,910021,9100211-9100212,,,,2,2700,,,,,,,,,,,,,,10,,
910022,4,,T_NewStore_NameKey_910022,910022,9100221-9100222,,,,2,2700,,,,,,,,,,,,,,10,,
910023,4,,T_NewStore_NameKey_910023,910023,9100231-9100232,,,,2,2700,,,,,,,,,,,,,,10,,
910024,4,,T_NewStore_NameKey_910024,910024,9100241-9100242,,,,2,2700,,,,,,,,,,,,,,10,,
910025,4,,T_NewStore_NameKey_910025,910025,9100251-9100252,,,,2,2700,,,,,,,,,,,,,,10,,
910026,4,,T_NewStore_NameKey_910026,910026,9100261-9100262,,,,2,2700,,,,,,,,,,,,,,10,,
910027,4,,T_NewStore_NameKey_910027,910027,9100271-9100272,,,,2,2700,,,,,,,,,,,,,,10,,
910028,4,,T_NewStore_NameKey_910028,910028,9100281-9100282,,,,2,2700,,,,,,,,,,,,,,10,,
910029,4,,T_NewStore_NameKey_910029,910029,9100291-9100292,,,,2,2700,,,,,,,,,,,,,,10,,
910030,4,,T_NewStore_NameKey_910030,910030,9100301-9100302,,,,2,2700,,,,,,,,,,,,,,10,,
910031,4,,T_NewStore_NameKey_910031,910031,9100311-9100312,,,,2,2700,,,,,,,,,,,,,,10,,
910032,4,,T_NewStore_NameKey_910032,910032,9100321-9100322,,,,2,2700,,,,,,,,,,,,,,10,,
910033,4,,T_NewStore_NameKey_910033,910033,9100331-9100332,,,,2,2700,,,,,,,,,,,,,,10,,
910034,4,,T_NewStore_NameKey_910034,910034,9100341-9100342,,,,2,2700,,,,,,,,,,,,,,10,,
910035,4,,T_NewStore_NameKey_910035,910035,9100351-9100352,,,,2,2700,,,,,,,,,,,,,,10,,
910036,4,,T_NewStore_NameKey_910036,910036,9100361-9100362,,,,2,2700,,,,,,,,,,,,,,10,,
910037,4,,T_NewStore_NameKey_910037,910037,9100371-9100372,,,,2,2700,,,,,,,,,,,,,,10,,
910038,4,,T_NewStore_NameKey_910038,910038,9100381-9100382,,,,2,2700,,,,,,,,,,,,,,10,,
910039,4,,T_NewStore_NameKey_910039,910039,9100391-9100392,,,,2,2700,,,,,,,,,,,,,,10,,
910040,4,,T_NewStore_NameKey_910040,910040,9100401-9100402,,,,2,2700,,,,,,,,,,,,,,10,,
910041,4,,T_NewStore_NameKey_910041,910041,9100411-9100412,,,,2,2700,,,,,,,,,,,,,,10,,
910042,4,,T_NewStore_NameKey_910042,910042,9100421-9100422,,,,2,2700,,,,,,,,,,,,,,10,,
910043,4,,T_NewStore_NameKey_910043,910043,9100431-9100432,,,,2,2700,,,,,,,,,,,,,,10,,
910044,4,,T_NewStore_NameKey_910044,910044,9100441-9100442,,,,2,2700,,,,,,,,,,,,,,10,,
910045,4,,T_NewStore_NameKey_910045,910045,9100451-9100452,,,,2,2700,,,,,,,,,,,,,,10,,
910046,4,,T_NewStore_NameKey_910046,910046,9100461-9100462,,,,2,2700,,,,,,,,,,,,,,10,,
910047,4,,T_NewStore_NameKey_910047,910047,9100471-9100472,,,,2,2700,,,,,,,,,,,,,,10,,
910048,4,,T_NewStore_NameKey_910048,910048,9100481-9100482,,,,2,2700,,,,,,,,,,,,,,10,,
911001,4,,T_NewStore_NameKey_911001,911001,9110011-9110012,,,,2,2700,,,,,,,,,,,,,,10,,
911002,4,,T_NewStore_NameKey_911002,911002,9110021-9110022,,,,2,2700,,,,,,,,,,,,,,10,,
911003,4,,T_NewStore_NameKey_911003,911003,9110031-9110032,,,,2,2700,,,,,,,,,,,,,,10,,
911004,4,,T_NewStore_NameKey_911004,911004,9110041-9110042,,,,2,2700,,,,,,,,,,,,,,10,,
911005,4,,T_NewStore_NameKey_911005,911005,9110051-9110052,,,,2,2700,,,,,,,,,,,,,,10,,
911006,4,,T_NewStore_NameKey_911006,911006,9110061-9110062,,,,2,2700,,,,,,,,,,,,,,10,,
911007,4,,T_NewStore_NameKey_911007,911007,9110071-9110072,,,,2,2700,,,,,,,,,,,,,,10,,
911008,4,,T_NewStore_NameKey_911008,911008,9110081-9110082,,,,2,2700,,,,,,,,,,,,,,10,,
911009,4,,T_NewStore_NameKey_911009,911009,9110091-9110092,,,,2,2700,,,,,,,,,,,,,,10,,
911010,4,,T_NewStore_NameKey_911010,911010,9110101-9110102,,,,2,2700,,,,,,,,,,,,,,10,,
911011,4,,T_NewStore_NameKey_911011,911011,9110111-9110112,,,,2,2700,,,,,,,,,,,,,,10,,
911012,4,,T_NewStore_NameKey_911012,911012,9110121-9110122,,,,2,2700,,,,,,,,,,,,,,10,,
911013,4,,T_NewStore_NameKey_911013,911013,9110131-9110132,,,,2,2700,,,,,,,,,,,,,,10,,
911014,4,,T_NewStore_NameKey_911014,911014,9110141-9110142,,,,2,2700,,,,,,,,,,,,,,10,,
911015,4,,T_NewStore_NameKey_911015,911015,9110151-9110152,,,,2,2700,,,,,,,,,,,,,,10,,
911016,4,,T_NewStore_NameKey_911016,911016,9110161-9110162,,,,2,2700,,,,,,,,,,,,,,10,,
911017,4,,T_NewStore_NameKey_911017,911017,9110171-9110172,,,,2,2700,,,,,,,,,,,,,,10,,
911018,4,,T_NewStore_NameKey_911018,911018,9110181-9110182,,,,2,2700,,,,,,,,,,,,,,10,,
911019,4,,T_NewStore_NameKey_911019,911019,9110191-9110192,,,,2,2700,,,,,,,,,,,,,,10,,
911020,4,,T_NewStore_NameKey_911020,911020,9110201-9110202,,,,2,2700,,,,,,,,,,,,,,10,,
911021,4,,T_NewStore_NameKey_911021,911021,9110211-9110212,,,,2,2700,,,,,,,,,,,,,,10,,
911022,4,,T_NewStore_NameKey_911022,911022,9110221-9110222,,,,2,2700,,,,,,,,,,,,,,10,,
911023,4,,T_NewStore_NameKey_911023,911023,9110231-9110232,,,,2,2700,,,,,,,,,,,,,,10,,
911024,4,,T_NewStore_NameKey_911024,911024,9110241-9110242,,,,2,2700,,,,,,,,,,,,,,10,,
911025,4,,T_NewStore_NameKey_911025,911025,9110251-9110252,,,,2,2700,,,,,,,,,,,,,,10,,
911026,4,,T_NewStore_NameKey_911026,911026,9110261-9110262,,,,2,2700,,,,,,,,,,,,,,10,,
911027,4,,T_NewStore_NameKey_911027,911027,9110271-9110272,,,,2,2700,,,,,,,,,,,,,,10,,
911028,4,,T_NewStore_NameKey_911028,911028,9110281-9110282,,,,2,2700,,,,,,,,,,,,,,10,,
911029,4,,T_NewStore_NameKey_911029,911029,9110291-9110292,,,,2,2700,,,,,,,,,,,,,,10,,
911030,4,,T_NewStore_NameKey_911030,911030,9110301-9110302,,,,2,2700,,,,,,,,,,,,,,10,,
911031,4,,T_NewStore_NameKey_911031,911031,9110311-9110312,,,,2,2700,,,,,,,,,,,,,,10,,
911032,4,,T_NewStore_NameKey_911032,911032,9110321-9110322,,,,2,2700,,,,,,,,,,,,,,10,,
911033,4,,T_NewStore_NameKey_911033,911033,9110331-9110332,,,,2,2700,,,,,,,,,,,,,,10,,
911034,4,,T_NewStore_NameKey_911034,911034,9110341-9110342,,,,2,2700,,,,,,,,,,,,,,10,,
911035,4,,T_NewStore_NameKey_911035,911035,9110351-9110352,,,,2,2700,,,,,,,,,,,,,,10,,
911036,4,,T_NewStore_NameKey_911036,911036,9110361-9110362,,,,2,2700,,,,,,,,,,,,,,10,,
911037,4,,T_NewStore_NameKey_911037,911037,9110371-9110372,,,,2,2700,,,,,,,,,,,,,,10,,
911038,4,,T_NewStore_NameKey_911038,911038,9110381-9110382,,,,2,2700,,,,,,,,,,,,,,10,,
911039,4,,T_NewStore_NameKey_911039,911039,9110391-9110392,,,,2,2700,,,,,,,,,,,,,,10,,
911040,4,,T_NewStore_NameKey_911040,911040,9110401-9110402,,,,2,2700,,,,,,,,,,,,,,10,,
911041,4,,T_NewStore_NameKey_911041,911041,9110411-9110412,,,,2,2700,,,,,,,,,,,,,,10,,
911042,4,,T_NewStore_NameKey_911042,911042,9110421-9110422,,,,2,2700,,,,,,,,,,,,,,10,,
911043,4,,T_NewStore_NameKey_911043,911043,9110431-9110432,,,,2,2700,,,,,,,,,,,,,,10,,
911044,4,,T_NewStore_NameKey_911044,911044,9110441-9110442,,,,2,2700,,,,,,,,,,,,,,10,,
911045,4,,T_NewStore_NameKey_911045,911045,9110451-9110452,,,,2,2700,,,,,,,,,,,,,,10,,
911046,4,,T_NewStore_NameKey_911046,911046,9110461-9110462,,,,2,2700,,,,,,,,,,,,,,10,,
911047,4,,T_NewStore_NameKey_911047,911047,9110471-9110472,,,,2,2700,,,,,,,,,,,,,,10,,
911048,4,,T_NewStore_NameKey_911048,911048,9110481-9110482,,,,2,2700,,,,,,,,,,,,,,10,,
911049,4,,T_NewStore_NameKey_911049,911049,9110491-9110492,,,,2,2700,,,,,,,,,,,,,,10,,
911050,4,,T_NewStore_NameKey_911050,911050,9110501-9110502,,,,2,2700,,,,,,,,,,,,,,10,,
911051,4,,T_NewStore_NameKey_911051,911051,9110511-9110512,,,,2,2700,,,,,,,,,,,,,,10,,
911052,4,,T_NewStore_NameKey_911052,911052,9110521-9110522,,,,2,2700,,,,,,,,,,,,,,10,,
911053,4,,T_NewStore_NameKey_911053,911053,9110531-9110532,,,,2,2700,,,,,,,,,,,,,,10,,
911054,4,,T_NewStore_NameKey_911054,911054,9110541-9110542,,,,2,2700,,,,,,,,,,,,,,10,,
911055,4,,T_NewStore_NameKey_911055,911055,9110551-9110552,,,,2,2700,,,,,,,,,,,,,,10,,
911056,4,,T_NewStore_NameKey_911056,911056,9110561-9110562,,,,2,2700,,,,,,,,,,,,,,10,,
911057,4,,T_NewStore_NameKey_911057,911057,9110571-9110572,,,,2,2700,,,,,,,,,,,,,,10,,
911058,4,,T_NewStore_NameKey_911058,911058,9110581-9110582,,,,2,2700,,,,,,,,,,,,,,10,,
911059,4,,T_NewStore_NameKey_911059,911059,9110591-9110592,,,,2,2700,,,,,,,,,,,,,,10,,
911060,4,,T_NewStore_NameKey_911060,911060,9110601-9110602,,,,2,2700,,,,,,,,,,,,,,10,,
911061,4,,T_NewStore_NameKey_911061,911061,9110611-9110612,,,,2,2700,,,,,,,,,,,,,,10,,
911062,4,,T_NewStore_NameKey_911062,911062,9110621-9110622,,,,2,2700,,,,,,,,,,,,,,10,,
911063,4,,T_NewStore_NameKey_911063,911063,9110631-9110632,,,,2,2700,,,,,,,,,,,,,,10,,
911064,4,,T_NewStore_NameKey_911064,911064,9110641-9110642,,,,2,2700,,,,,,,,,,,,,,10,,
911065,4,,T_NewStore_NameKey_911065,911065,9110651-9110652,,,,2,2700,,,,,,,,,,,,,,10,,
911066,4,,T_NewStore_NameKey_911066,911066,9110661-9110662,,,,2,2700,,,,,,,,,,,,,,10,,
911067,4,,T_NewStore_NameKey_911067,911067,9110671-9110672,,,,2,2700,,,,,,,,,,,,,,10,,
911068,4,,T_NewStore_NameKey_911068,911068,9110681-9110682,,,,2,2700,,,,,,,,,,,,,,10,,
911069,4,,T_NewStore_NameKey_911069,911069,9110691-9110692,,,,2,2700,,,,,,,,,,,,,,10,,
911070,4,,T_NewStore_NameKey_911070,911070,9110701-9110702,,,,2,2700,,,,,,,,,,,,,,10,,
911071,4,,T_NewStore_NameKey_911071,911071,9110711-9110712,,,,2,2700,,,,,,,,,,,,,,10,,
911072,4,,T_NewStore_NameKey_911072,911072,9110721-9110722,,,,2,2700,,,,,,,,,,,,,,10,,
911073,4,,T_NewStore_NameKey_911073,911073,9110731-9110732,,,,2,2700,,,,,,,,,,,,,,10,,
911074,4,,T_NewStore_NameKey_911074,911074,9110741-9110742,,,,2,2700,,,,,,,,,,,,,,10,,
911075,4,,T_NewStore_NameKey_911075,911075,9110751-9110752,,,,2,2700,,,,,,,,,,,,,,10,,
914001,4,,T_NewStore_NameKey_914001,914001,9140011-9140012,,,,2,2700,,,,,,,,,,,,,,10,,
914002,4,,T_NewStore_NameKey_914002,914002,9140021-9140022,,,,2,2700,,,,,,,,,,,,,,10,,
914003,4,,T_NewStore_NameKey_914003,914003,9140031-9140032,,,,2,2700,,,,,,,,,,,,,,10,,
914004,4,,T_NewStore_NameKey_914004,914004,9140041-9140042,,,,2,2700,,,,,,,,,,,,,,10,,
915001,4,,T_NewStore_NameKey_915001,915001,9150011-9150012,,,,2,2700,,,,,,,,,,,,,,10,,
915002,4,,T_NewStore_NameKey_915002,915002,9150021-9150022,,,,2,2700,,,,,,,,,,,,,,10,,
915003,4,,T_NewStore_NameKey_915003,915003,9150031-9150032,,,,2,2700,,,,,,,,,,,,,,10,,
915004,4,,T_NewStore_NameKey_915004,915004,9150041-9150042,,,,2,2700,,,,,,,,,,,,,,10,,
915005,4,,T_NewStore_NameKey_915005,915005,9150051-9150052,,,,2,2700,,,,,,,,,,,,,,10,,
915006,4,,T_NewStore_NameKey_915006,915006,9150061-9150062,,,,2,2700,,,,,,,,,,,,,,10,,
915007,4,,T_NewStore_NameKey_915007,915007,9150071-9150072,,,,2,2700,,,,,,,,,,,,,,10,,
915008,4,,T_NewStore_NameKey_915008,915008,9150081-9150082,,,,2,2700,,,,,,,,,,,,,,10,,
915009,4,,T_NewStore_NameKey_915009,915009,9150091-9150092,,,,2,2700,,,,,,,,,,,,,,10,,
915010,4,,T_NewStore_NameKey_915010,915010,9150101-9150102,,,,2,2700,,,,,,,,,,,,,,10,,
915011,4,,T_NewStore_NameKey_915011,915011,9150111-9150112,,,,2,2700,,,,,,,,,,,,,,10,,
915012,4,,T_NewStore_NameKey_915012,915012,9150121-9150122,,,,2,2700,,,,,,,,,,,,,,10,,
915013,4,,T_NewStore_NameKey_915013,915013,9150131-9150132,,,,2,2700,,,,,,,,,,,,,,10,,
915014,4,,T_NewStore_NameKey_915014,915014,9150141-9150142,,,,2,2700,,,,,,,,,,,,,,10,,
915015,4,,T_NewStore_NameKey_915015,915015,9150151-9150152,,,,2,2700,,,,,,,,,,,,,,10,,
915016,4,,T_NewStore_NameKey_915016,915016,9150161-9150162,,,,2,2700,,,,,,,,,,,,,,10,,
915017,4,,T_NewStore_NameKey_915017,915017,9150171-9150172,,,,2,2700,,,,,,,,,,,,,,10,,
915018,4,,T_NewStore_NameKey_915018,915018,9150181-9150182,,,,2,2700,,,,,,,,,,,,,,10,,
915019,4,,T_NewStore_NameKey_915019,915019,9150191-9150192,,,,2,2700,,,,,,,,,,,,,,10,,
915020,4,,T_NewStore_NameKey_915020,915020,9150201-9150202,,,,2,2700,,,,,,,,,,,,,,10,,
915021,4,,T_NewStore_NameKey_915021,915021,9150211-9150212,,,,2,2700,,,,,,,,,,,,,,10,,
915022,4,,T_NewStore_NameKey_915022,915022,9150221-9150222,,,,2,2700,,,,,,,,,,,,,,10,,
915023,4,,T_NewStore_NameKey_915023,915023,9150231-9150232,,,,2,2700,,,,,,,,,,,,,,10,,
915024,4,,T_NewStore_NameKey_915024,915024,9150241-9150242,,,,2,2700,,,,,,,,,,,,,,10,,
915025,4,,T_NewStore_NameKey_915025,915025,9150251-9150252,,,,2,2700,,,,,,,,,,,,,,10,,
915026,4,,T_NewStore_NameKey_915026,915026,9150261-9150262,,,,2,2700,,,,,,,,,,,,,,10,,
915027,4,,T_NewStore_NameKey_915027,915027,9150271-9150272,,,,2,2700,,,,,,,,,,,,,,10,,
915028,4,,T_NewStore_NameKey_915028,915028,9150281-9150282,,,,2,2700,,,,,,,,,,,,,,10,,
917002,4,,T_NewStore_NameKey_917002,917002,9170021,,,,2,2700,,,,,,,,,,,,,,10,,
917003,4,,T_NewStore_NameKey_917003,917003,9170031,,,,2,2700,,,,,,,,,,,,,,10,,
917004,4,,T_NewStore_NameKey_917004,917004,9170041,,,,2,2700,,,,,,,,,,,,,,10,,
917005,4,,T_NewStore_NameKey_917005,917005,9170051,,,,2,2700,,,,,,,,,,,,,,10,,
917006,4,,T_NewStore_NameKey_917006,917006,9170061,,,,2,2700,,,,,,,,,,,,,,10,,
917007,4,,T_NewStore_NameKey_917007,917007,9170071,,,,2,2700,,,,,,,,,,,,,,10,,
909001,4,,T_NewStore_NameKey_909001,909001,,,,,1,300,,,,,1,,,360,1,4,1,,,1,,
919001,4,,T_NewStore_NameKey_919001,919001,,,,,1,2700,,,,,1,,,1440,1,1,1,,,10,,
919002,4,,T_NewStore_NameKey_919002,919002,9190021-9190022,,,,2,2700,,,,,,,,,,,,,,10,,
909003,4,,T_NewStore_NameKey_909003,909003,,,,,2,300,,,,,,,,,,,,,,1,,
919003,4,,T_NewStore_NameKey_919003,919003,,,,,2,2700,,,,,,,,,,,,,,10,,
919004,4,,T_NewStore_NameKey_919004,919004,9190041-9190042,,,,2,2700,,,,,,,,,,,,,,10,,
909005,4,,T_NewStore_NameKey_909005,909005,,,,,2,150,,,,,,,,,,,,,,,,
919005,4,,T_NewStore_NameKey_919005,919005,9190051-9190052,,,,2,1350,,,,,,,,,,,,,,,,
909006,4,,T_NewStore_NameKey_909006,909006,,,,,2,150,,,,,,,,,,,,,,,,
919006,4,,T_NewStore_NameKey_919006,919006,9190061-9190062,,,,2,1350,,,,,,,,,,,,,,,,
S919007,4,,T_NewStore_NameKey_S919007,919007,,,,,11,4500,,,,,,,,,,,,,,11,,
919008,4,,T_NewStore_NameKey_919008,919008,9190081-9190082,,,,2,2700,,,,,,,,,,,,,,10,,
919009,4,,T_NewStore_NameKey_919009,919009,9190091-9190092,,,,2,2700,,,,,,,,,,,,,,10,,
S919010,4,,T_NewStore_NameKey_S919010,919010,,,,,11,4500,,,,,,,,,,,,,,11,,
S919011,4,,T_NewStore_NameKey_S919011,919011,,,,,11,4500,,,,,,,,,,,,,,11,,
919012,4,,T_NewStore_NameKey_919012,919012,9190121-9190122,,,,2,2700,,,,,,,,,,,,,,10,,
S919013,4,,T_NewStore_NameKey_S919013,919013,,,,,11,4500,,,,,,,,,,,,,,11,,
919014,4,,T_NewStore_NameKey_919014,919014,9190141-9190142,,,,2,2700,,,,,,,,,,,,,,10,,
919015,4,,T_NewStore_NameKey_919015,919015,9190151-9190152,,,,2,2700,,,,,,,,,,,,,,10,,
S919016,4,,T_NewStore_NameKey_S919016,919016,,,,,11,4500,,,,,,,,,,,,,,11,,
919017,4,,T_NewStore_NameKey_919017,919017,9190171-9190172,,,,2,2700,,,,,,,,,,,,,,10,,
919018,4,,T_NewStore_NameKey_919018,919018,9190181,,,,2,2700,,,,,,,,,,,,,,10,,
919019,4,,T_NewStore_NameKey_919019,919019,9190191,,,,2,2700,,,,,,,,,,,,,,10,,
919020,4,,T_NewStore_NameKey_919020,919020,9190201,,,,2,2700,,,,,,,,,,,,,,10,,
919021,4,,T_NewStore_NameKey_919021,919021,9190211-9190212,,,,2,2700,,,,,,,,,,,,,,10,,
919022,4,,T_NewStore_NameKey_919022,919022,9190221-9190222,,,,2,2700,,,,,,,,,,,,,,10,,
919023,4,,T_NewStore_NameKey_919023,919023,9190231-9190232,,,,2,2700,,,,,,,,,,,,,,10,,
909024,4,,T_NewStore_NameKey_909024,909024,,,,,74,300,,,,,,,,,,,,,,1,,
919024,4,,T_NewStore_NameKey_919024,919024,9190241-9190242,,,,74,2700,,,,,,,,,,,,,,10,,
909025,4,,T_NewStore_NameKey_909025,909025,,,,,74,300,,,,,,,,,,,,,,1,,
919025,4,,T_NewStore_NameKey_919025,919025,9190251-9190252,,,,74,2700,,,,,,,,,,,,,,10,,
919026,4,,T_NewStore_NameKey_919026,919026,9190261-9190262,,,,2,2700,,,,,,,,,,,,,,10,,
919027,4,,T_NewStore_NameKey_919027,919027,9190271-9190272,,,,2,2700,,,,,,,,,,,,,,10,,
909028,4,,T_NewStore_NameKey_909028,909028,,,,,11,400,,,,,,,,,,,,,,1,,
919028,4,,T_NewStore_NameKey_919028,919028,9190281-9190282,,,,11,1000,,,,,,,,,,,,,,10,,
909029,4,,T_NewStore_NameKey_909029,909029,,,,,11,400,,,,,,,,,,,,,,1,,
919029,4,,T_NewStore_NameKey_919029,919029,9190291-9190292,,,,11,1000,,,,,,,,,,,,,,10,,
919030,4,,T_NewStore_NameKey_919030,919030,9190301-9190302,,,,2,2700,,,,,,,,,,,,,,10,,
919031,4,,T_NewStore_NameKey_919031,919031,9190311-9190312,,,,2,2700,,,,,,,,,,,,,,10,,
919032,4,,T_NewStore_NameKey_919032,919032,9190321-9190322,,,,2,2700,,,,,,,,,,,,,,10,,
919033,4,,T_NewStore_NameKey_919033,919033,9190331-9190332,,,,2,2700,,,,,,,,,,,,,,10,,
919034,4,,T_NewStore_NameKey_919034,919034,,,,,11,1000,,,,,,,,,,,,,,10,,
919035,4,,T_NewStore_NameKey_919035,919035,9190351-9190352,,,,2,2700,,,,,,,,,,,,,,10,,
919036,4,,T_NewStore_NameKey_919036,919036,9190361-9190362,,,,2,2700,,,,,,,,,,,,,,10,,
919037,4,,T_NewStore_NameKey_919037,919037,9190371-9190372,,,,2,2700,,,,,,,,,,,,,,10,,
919038,4,,T_NewStore_NameKey_919038,919038,,,,,11,1000,,,,,,,,,,,,,,10,,
919039,4,,T_NewStore_NameKey_919039,919039,9190391-9190392,,,,2,2700,,,,,,,,,,,,,,10,,
919040,4,,T_NewStore_NameKey_919040,919040,9190401-9190402,,,,2,2700,,,,,,,,,,,,,,10,,
919041,4,,T_NewStore_NameKey_919041,919041,9190411-9190412,,,,2,2700,,,,,,,,,,,,,,10,,
919042,4,,T_NewStore_NameKey_919042,919042,,,,,11,500,,,,,,,48,,,,,,,10,,
919043,4,,T_NewStore_NameKey_919043,919043,9190431-9190432,,,,2,2700,,,,,,,,,,,,,,10,,
919044,4,,T_NewStore_NameKey_919044,919044,9190441-9190442,,,,2,2700,,,,,,,,,,,,,,10,,
919045,4,,T_NewStore_NameKey_919045,919045,,,,,11,1000,,,,,,,,,,,,,,10,,
919046,4,,T_NewStore_NameKey_919046,919046,9190461-9190462,,,,11,1000,,,,,,,,,,,,,,10,,
919047,4,,T_NewStore_NameKey_919047,919047,,,,,32,1,,,,,,,,,,,,,,10,,
919048,4,,T_NewStore_NameKey_919048,919048,9190481-9190482,,,,2,2700,,,,,,,,,,,,,,10,,
919049,4,,T_NewStore_NameKey_919049,919049,9190491-9190492,,,,2,2700,,,,,,,,,,,,,,10,,
919050,4,,T_NewStore_NameKey_919050,919050,9190501-9190502,,,,2,2700,,,,,,,,,,,,,,10,,
919051,4,,T_NewStore_NameKey_919051,919051,,,,,11,1000,,,,,,,,,,,,,,10,,
919052,4,,T_NewStore_NameKey_919052,919052,9190521-9190522,,,,11,1000,,,,,,,,,,,,,,10,,
919053,4,,T_NewStore_NameKey_919053,919053,,,,,32,1,,,,,,,,,,,,,,10,,
919054,4,,T_NewStore_NameKey_919054,919054,,,,,32,1,,,,,,,,,,,,,,10,,
919055,4,,T_NewStore_NameKey_919055,919055,,,,,32,1,,,,,,,,,,,,,,10,,
919056,4,,T_NewStore_NameKey_919056,919056,9190561-9190562,,,,2,2700,,,,,,,,,,,,,,10,,
919057,4,,T_NewStore_NameKey_919057,919057,9190571-9190572,,,,2,2700,,,,,,,,,,,,,,10,,
919058,4,,T_NewStore_NameKey_919058,919058,9190581-9190582,,,,2,2700,,,,,,,,,,,,,,10,,
919059,4,,T_NewStore_NameKey_919059,919059,9190591-9190592,,,,2,2700,,,,,,,,,,,,,,10,,
919060,4,,T_NewStore_NameKey_919060,919060,9190601-9190602,,,,2,2700,,,,,,,,,,,,,,10,,
919061,4,,T_NewStore_NameKey_919061,919061,9190611-9190612,,,,2,2700,,,,,,,,,,,,,,10,,
909062,4,,T_NewStore_NameKey_909062,909062,,,,,35,1,,,,,,,,,,,,,,1,,
919062,4,,T_NewStore_NameKey_919062,919062,,,,,35,10,,,,,,,,,,,,,,10,,
909063,4,,T_NewStore_NameKey_909063,909063,,,,,35,1,,,,,,,,,,,,,,1,,
919063,4,,T_NewStore_NameKey_919063,919063,,,,,35,10,,,,,,,,,,,,,,10,,
909064,4,,T_NewStore_NameKey_909064,909064,,,,,35,1,,,,,,,,,,,,,,1,,
919064,4,,T_NewStore_NameKey_919064,919064,,,,,35,10,,,,,,,,,,,,,,10,,
909065,4,,T_NewStore_NameKey_909065,909065,,,,,35,1,,,,,,,,,,,,,,1,,
919065,4,,T_NewStore_NameKey_919065,919065,,,,,35,10,,,,,,,,,,,,,,10,,
919066,4,,T_NewStore_NameKey_919066,919066,9190661-9190662,,,,2,2700,,,,,,,,,,,,,,10,,
919067,4,,T_NewStore_NameKey_919067,919067,9190671-9190672,,,,2,2700,,,,,,,,,,,,,,10,,
909068,4,,T_NewStore_NameKey_909068,909068,,,,,38,1,,,,,,,,,,,,,,1,,
919068,4,,T_NewStore_NameKey_919068,919068,,,,,38,10,,,,,,,,,,,,,,10,,
909069,4,,T_NewStore_NameKey_909069,909069,,,,,38,1,,,,,,,,,,,,,,1,,
919069,4,,T_NewStore_NameKey_919069,919069,,,,,38,10,,,,,,,,,,,,,,10,,
919070,4,,T_NewStore_NameKey_919067,919070,9190701-9190702,,,,2,2700,,,,,,,,,,,,,,10,,
919071,4,,T_NewStore_NameKey_919071,919071,9190711-9190712,,,,2,2700,,,,,,,,,,,,,,10,,
919072,4,,T_NewStore_NameKey_919072,919072,9190721-9190722,,,,11,1000,,,,,,,,,,,,,,10,,
919073,4,,T_NewStore_NameKey_919073,919073,9190731-9190732,,,,2,2700,,,,,,,,,,,,,,10,,
909074,4,,T_NewStore_NameKey_909074,909074,,,,,40,100,,,,,,,,,,,,,,1,,
919074,4,,T_NewStore_NameKey_919074,919074,,,,,40,1000,,,,,,,,,,,,,,10,,
909075,4,,T_NewStore_NameKey_909075,909075,,,,,42,1,,,,,,,,,,,,,,1,,
919075,4,,T_NewStore_NameKey_919075,919075,,,,,42,10,,,,,,,,,,,,,,10,,
909076,4,,T_NewStore_NameKey_909076,909076,,,,,42,1,,,,,,,,,,,,,,1,,
919076,4,,T_NewStore_NameKey_919076,919076,,,,,42,10,,,,,,,,,,,,,,10,,
909077,4,,T_NewStore_NameKey_909077,909077,,,,,42,1,,,,,,,,,,,,,,1,,
919077,4,,T_NewStore_NameKey_919077,919077,,,,,42,10,,,,,,,,,,,,,,10,,
909078,4,,T_NewStore_NameKey_909078,909078,,,,,42,1,,,,,,,,,,,,,,1,,
919078,4,,T_NewStore_NameKey_919078,919078,,,,,42,10,,,,,,,,,,,,,,10,,
919079,4,,T_NewStore_NameKey_919079,919079,,,,,11,1000,,,,,,,,,,,,,,10,,
909080,4,,T_NewStore_NameKey_909080,909080,,,,,44,100,,,,,,,,,,,,,,1,,
919080,4,,T_NewStore_NameKey_919080,919080,,,,,44,1000,,,,,,,,,,,,,,10,,
919081,4,,T_NewStore_NameKey_919081,919081,9190811-9190812,,,,2,2700,,,,,,,,,,,,,,10,,
999001,4,,T_NewStore_NameKey_999001,999001,,,,,2,2700,,,,,,,,,,,,,,10,,
RandomSex001,5,1,T_NewStore_NameKey_RandomSex001,SpeG0011,,1,,,12,3000,,,,3,30,10,,,,,,,Selectable,1,,107
197,5,1,T_NewStore_NameKey_197,100018,,5,,,12,200,,,,3,30,10,,,,,,,,,,107-57
198,5,1,T_NewStore_NameKey_198,100017,,5,,,12,200,,,,3,30,10,,,,,,,,,,107-57
112,5,1,T_NewStore_NameKey_112,100013,,5,,,12,200,,,,3,30,10,,,,,,,,,,107-57
113,5,1,T_NewStore_NameKey_113,100014,,5,,,12,200,,,,3,30,10,,,,,,,,,,107-57
114,5,1,T_NewStore_NameKey_114,100015,,5,,,12,200,,,,3,30,10,,,,,,,,,,107-57
115,5,1,T_NewStore_NameKey_115,100016,,5,,,12,200,,,,3,30,10,,,,,,,,,,107-57
116,5,1,T_NewStore_NameKey_116,2,,600,,,12,250,,,,3,30,5,,,,,,,,,,107
117,5,1,T_NewStore_NameKey_117,250003,,10,,,12,100,,,,3,30,5,,,,,,,,,,107
118,5,1,T_NewStore_NameKey_118,350004,,10,,,12,100,,,,3,30,5,,,,,,,,,,107
119,5,1,T_NewStore_NameKey_119,350001,,10,,,12,100,,,,3,30,5,,,,,,,,,,107
120,5,1,T_NewStore_NameKey_120,350002,,10,,,12,60,,,,3,30,10,,,,,,,,,,107
121,5,1,T_NewStore_NameKey_121,350003,,10,,,12,30,,,,3,30,10,,,,,,,,,,107
122,5,1,T_NewStore_NameKey_122,1,,600,,,12,50,,,,3,30,10,,,,,,,,,,107
123,5,1,T_NewStore_NameKey_122,1,,60,,,12,5,,,,3,30,99,,,,,,,,,,107
RandomSex002,5,1,T_NewStore_NameKey_RandomSex001,SpeG0011,,1,,,13,3000,,,,3,30,10,,,,,,,Selectable,1,,110
199,5,1,T_NewStore_NameKey_197,100018,,5,,,13,200,,,,3,30,10,,,,,,,,,,110-57
200,5,1,T_NewStore_NameKey_198,100017,,5,,,13,200,,,,3,30,10,,,,,,,,,,110-57
137,5,1,T_NewStore_NameKey_112,100013,,5,,,13,200,,,,3,30,10,,,,,,,,,,110-57
138,5,1,T_NewStore_NameKey_113,100014,,5,,,13,200,,,,3,30,10,,,,,,,,,,110-57
139,5,1,T_NewStore_NameKey_114,100015,,5,,,13,200,,,,3,30,10,,,,,,,,,,110-57
140,5,1,T_NewStore_NameKey_115,100016,,5,,,13,200,,,,3,30,10,,,,,,,,,,110-57
141,5,1,T_NewStore_NameKey_116,2,,600,,,13,250,,,,3,30,5,,,,,,,,,,110
142,5,1,T_NewStore_NameKey_117,250003,,10,,,13,100,,,,3,30,5,,,,,,,,,,110
143,5,1,T_NewStore_NameKey_118,350004,,10,,,13,100,,,,3,30,5,,,,,,,,,,110
144,5,1,T_NewStore_NameKey_119,350001,,10,,,13,100,,,,3,30,5,,,,,,,,,,110
145,5,1,T_NewStore_NameKey_120,350002,,10,,,13,60,,,,3,30,10,,,,,,,,,,110
146,5,1,T_NewStore_NameKey_121,350003,,10,,,13,30,,,,3,30,10,,,,,,,,,,110
147,5,1,T_NewStore_NameKey_122,1,,600,,,13,50,,,,3,30,10,,,,,,,,,,110
148,5,1,T_NewStore_NameKey_122,1,,60,,,13,5,,,,3,30,99,,,,,,,,,,110
RandomSex003,5,1,T_NewStore_NameKey_RandomSex001,SpeG0011,,1,,,16,3000,,,,3,30,10,,,,,,,Selectable,1,,114
201,5,1,T_NewStore_NameKey_197,100018,,5,,,16,200,,,,3,30,10,,,,,,,,,,114-57
202,5,1,T_NewStore_NameKey_198,100017,,5,,,16,200,,,,3,30,10,,,,,,,,,,114-57
161,5,1,T_NewStore_NameKey_112,100013,,5,,,16,200,,,,3,30,10,,,,,,,,,,114-57
162,5,1,T_NewStore_NameKey_113,100014,,5,,,16,200,,,,3,30,10,,,,,,,,,,114-57
163,5,1,T_NewStore_NameKey_114,100015,,5,,,16,200,,,,3,30,10,,,,,,,,,,114-57
164,5,1,T_NewStore_NameKey_115,100016,,5,,,16,200,,,,3,30,10,,,,,,,,,,114-57
165,5,1,T_NewStore_NameKey_116,2,,600,,,16,250,,,,3,30,5,,,,,,,,,,114
166,5,1,T_NewStore_NameKey_117,250003,,10,,,16,100,,,,3,30,5,,,,,,,,,,114
167,5,1,T_NewStore_NameKey_118,350004,,10,,,16,100,,,,3,30,5,,,,,,,,,,114
168,5,1,T_NewStore_NameKey_119,350001,,10,,,16,100,,,,3,30,5,,,,,,,,,,114
169,5,1,T_NewStore_NameKey_120,350002,,10,,,16,60,,,,3,30,10,,,,,,,,,,114
170,5,1,T_NewStore_NameKey_121,350003,,10,,,16,30,,,,3,30,10,,,,,,,,,,114
171,5,1,T_NewStore_NameKey_122,1,,600,,,16,50,,,,3,30,10,,,,,,,,,,114
172,5,1,T_NewStore_NameKey_122,1,,60,,,16,5,,,,3,30,99,,,,,,,,,,114
RandomSex004,5,1,T_NewStore_NameKey_RandomSex001,SpeG0011,,1,,,17,3000,,,,3,30,10,,,,,,,Selectable,1,,116
203,5,1,T_NewStore_NameKey_197,100018,,5,,,17,200,,,,3,30,10,,,,,,,,,,116-57
204,5,1,T_NewStore_NameKey_198,100017,,5,,,17,200,,,,3,30,10,,,,,,,,,,116-57
185,5,1,T_NewStore_NameKey_112,100013,,5,,,17,200,,,,3,30,10,,,,,,,,,,116-57
186,5,1,T_NewStore_NameKey_113,100014,,5,,,17,200,,,,3,30,10,,,,,,,,,,116-57
187,5,1,T_NewStore_NameKey_114,100015,,5,,,17,200,,,,3,30,10,,,,,,,,,,116-57
188,5,1,T_NewStore_NameKey_115,100016,,5,,,17,200,,,,3,30,10,,,,,,,,,,116-57
189,5,1,T_NewStore_NameKey_116,2,,600,,,17,250,,,,3,30,5,,,,,,,,,,116
190,5,1,T_NewStore_NameKey_117,250003,,10,,,17,100,,,,3,30,5,,,,,,,,,,116
191,5,1,T_NewStore_NameKey_118,350004,,10,,,17,100,,,,3,30,5,,,,,,,,,,116
192,5,1,T_NewStore_NameKey_119,350001,,10,,,17,100,,,,3,30,5,,,,,,,,,,116
193,5,1,T_NewStore_NameKey_120,350002,,10,,,17,60,,,,3,30,10,,,,,,,,,,116
194,5,1,T_NewStore_NameKey_121,350003,,10,,,17,30,,,,3,30,10,,,,,,,,,,116
195,5,1,T_NewStore_NameKey_122,1,,600,,,17,50,,,,3,30,10,,,,,,,,,,116
196,5,1,T_NewStore_NameKey_122,1,,60,,,17,5,,,,3,30,99,,,,,,,,,,116
RandomSex005,5,1,T_NewStore_NameKey_RandomSex001,SpeG0011,,1,,,19,3000,,,,3,30,10,,,,,,,Selectable,1,,118
217,5,1,T_NewStore_NameKey_197,100018,,5,,,19,200,,,,3,30,10,,,,,,,,,,118-57
218,5,1,T_NewStore_NameKey_198,100017,,5,,,19,200,,,,3,30,10,,,,,,,,,,118-57
219,5,1,T_NewStore_NameKey_112,100013,,5,,,19,200,,,,3,30,10,,,,,,,,,,118-57
220,5,1,T_NewStore_NameKey_113,100014,,5,,,19,200,,,,3,30,10,,,,,,,,,,118-57
221,5,1,T_NewStore_NameKey_114,100015,,5,,,19,200,,,,3,30,10,,,,,,,,,,118-57
222,5,1,T_NewStore_NameKey_115,100016,,5,,,19,200,,,,3,30,10,,,,,,,,,,118-57
223,5,1,T_NewStore_NameKey_116,2,,600,,,19,250,,,,3,30,5,,,,,,,,,,118
224,5,1,T_NewStore_NameKey_117,250003,,10,,,19,100,,,,3,30,5,,,,,,,,,,118
225,5,1,T_NewStore_NameKey_118,350004,,10,,,19,100,,,,3,30,5,,,,,,,,,,118
226,5,1,T_NewStore_NameKey_119,350001,,10,,,19,100,,,,3,30,5,,,,,,,,,,118
227,5,1,T_NewStore_NameKey_120,350002,,10,,,19,60,,,,3,30,10,,,,,,,,,,118
228,5,1,T_NewStore_NameKey_121,350003,,10,,,19,30,,,,3,30,10,,,,,,,,,,118
229,5,1,T_NewStore_NameKey_122,1,,600,,,19,50,,,,3,30,10,,,,,,,,,,118
230,5,1,T_NewStore_NameKey_122,1,,60,,,19,5,,,,3,30,99,,,,,,,,,,118
RandomSex006,5,1,T_NewStore_NameKey_RandomSex001,SpeG0011,,1,,,20,3000,,,,3,30,10,,,,,,,Selectable,1,,120
243,5,1,T_NewStore_NameKey_197,100018,,5,,,20,200,,,,3,30,10,,,,,,,,,,120-57
244,5,1,T_NewStore_NameKey_198,100017,,5,,,20,200,,,,3,30,10,,,,,,,,,,120-57
245,5,1,T_NewStore_NameKey_112,100013,,5,,,20,200,,,,3,30,10,,,,,,,,,,120-57
246,5,1,T_NewStore_NameKey_113,100014,,5,,,20,200,,,,3,30,10,,,,,,,,,,120-57
247,5,1,T_NewStore_NameKey_114,100015,,5,,,20,200,,,,3,30,10,,,,,,,,,,120-57
248,5,1,T_NewStore_NameKey_115,100016,,5,,,20,200,,,,3,30,10,,,,,,,,,,120-57
249,5,1,T_NewStore_NameKey_116,2,,600,,,20,250,,,,3,30,5,,,,,,,,,,120
250,5,1,T_NewStore_NameKey_117,250003,,10,,,20,100,,,,3,30,5,,,,,,,,,,120
251,5,1,T_NewStore_NameKey_118,350004,,10,,,20,100,,,,3,30,5,,,,,,,,,,120
252,5,1,T_NewStore_NameKey_119,350001,,10,,,20,100,,,,3,30,5,,,,,,,,,,120
253,5,1,T_NewStore_NameKey_120,350002,,10,,,20,60,,,,3,30,10,,,,,,,,,,120
254,5,1,T_NewStore_NameKey_121,350003,,10,,,20,30,,,,3,30,10,,,,,,,,,,120
255,5,1,T_NewStore_NameKey_122,1,,600,,,20,50,,,,3,30,10,,,,,,,,,,120
256,5,1,T_NewStore_NameKey_122,1,,60,,,20,5,,,,3,30,99,,,,,,,,,,120
RandomSex007,5,1,T_NewStore_NameKey_RandomSex001,SpeG0011,,1,,,21,3000,,,,3,30,10,,,,,,,Selectable,1,,122
269,5,1,T_NewStore_NameKey_197,100018,,5,,,21,200,,,,3,30,10,,,,,,,,,,122-57
270,5,1,T_NewStore_NameKey_198,100017,,5,,,21,200,,,,3,30,10,,,,,,,,,,122-57
271,5,1,T_NewStore_NameKey_112,100013,,5,,,21,200,,,,3,30,10,,,,,,,,,,122-57
272,5,1,T_NewStore_NameKey_113,100014,,5,,,21,200,,,,3,30,10,,,,,,,,,,122-57
273,5,1,T_NewStore_NameKey_114,100015,,5,,,21,200,,,,3,30,10,,,,,,,,,,122-57
274,5,1,T_NewStore_NameKey_115,100016,,5,,,21,200,,,,3,30,10,,,,,,,,,,122-57
275,5,1,T_NewStore_NameKey_116,2,,600,,,21,250,,,,3,30,5,,,,,,,,,,122
276,5,1,T_NewStore_NameKey_117,250003,,10,,,21,100,,,,3,30,5,,,,,,,,,,122
277,5,1,T_NewStore_NameKey_118,350004,,10,,,21,100,,,,3,30,5,,,,,,,,,,122
278,5,1,T_NewStore_NameKey_119,350001,,10,,,21,100,,,,3,30,5,,,,,,,,,,122
279,5,1,T_NewStore_NameKey_120,350002,,10,,,21,60,,,,3,30,10,,,,,,,,,,122
280,5,1,T_NewStore_NameKey_121,350003,,10,,,21,30,,,,3,30,10,,,,,,,,,,122
281,5,1,T_NewStore_NameKey_122,1,,600,,,21,50,,,,3,30,10,,,,,,,,,,122
282,5,1,T_NewStore_NameKey_122,1,,60,,,21,5,,,,3,30,99,,,,,,,,,,122
RandomSex008,5,1,T_NewStore_NameKey_RandomSex001,SpeG0011,,1,,,22,3000,,,,3,30,10,,,,,,,Selectable,1,,124
319,5,1,T_NewStore_NameKey_197,100018,,5,,,22,200,,,,3,30,10,,,,,,,,,,124-57
320,5,1,T_NewStore_NameKey_198,100017,,5,,,22,200,,,,3,30,10,,,,,,,,,,124-57
321,5,1,T_NewStore_NameKey_112,100013,,5,,,22,200,,,,3,30,10,,,,,,,,,,124-57
322,5,1,T_NewStore_NameKey_113,100014,,5,,,22,200,,,,3,30,10,,,,,,,,,,124-57
323,5,1,T_NewStore_NameKey_114,100015,,5,,,22,200,,,,3,30,10,,,,,,,,,,124-57
324,5,1,T_NewStore_NameKey_115,100016,,5,,,22,200,,,,3,30,10,,,,,,,,,,124-57
325,5,1,T_NewStore_NameKey_116,2,,600,,,22,250,,,,3,30,5,,,,,,,,,,124
326,5,1,T_NewStore_NameKey_117,250003,,10,,,22,100,,,,3,30,5,,,,,,,,,,124
327,5,1,T_NewStore_NameKey_118,350004,,10,,,22,100,,,,3,30,5,,,,,,,,,,124
328,5,1,T_NewStore_NameKey_119,350001,,10,,,22,100,,,,3,30,5,,,,,,,,,,124
329,5,1,T_NewStore_NameKey_120,350002,,10,,,22,60,,,,3,30,10,,,,,,,,,,124
330,5,1,T_NewStore_NameKey_121,350003,,10,,,22,30,,,,3,30,10,,,,,,,,,,124
331,5,1,T_NewStore_NameKey_122,1,,600,,,22,50,,,,3,30,10,,,,,,,,,,124
332,5,1,T_NewStore_NameKey_122,1,,60,,,22,5,,,,3,30,99,,,,,,,,,,124
RandomSex009,5,1,T_NewStore_NameKey_RandomSex001,SpeG0011,,1,,,24,3000,,,,3,30,10,,,,,,,Selectable,1,,123
357,5,1,T_NewStore_NameKey_197,100018,,5,,,24,200,,,,3,30,10,,,,,,,,,,123-57
358,5,1,T_NewStore_NameKey_198,100017,,5,,,24,200,,,,3,30,10,,,,,,,,,,123-57
359,5,1,T_NewStore_NameKey_112,100013,,5,,,24,200,,,,3,30,10,,,,,,,,,,123-57
360,5,1,T_NewStore_NameKey_113,100014,,5,,,24,200,,,,3,30,10,,,,,,,,,,123-57
361,5,1,T_NewStore_NameKey_114,100015,,5,,,24,200,,,,3,30,10,,,,,,,,,,123-57
362,5,1,T_NewStore_NameKey_115,100016,,5,,,24,200,,,,3,30,10,,,,,,,,,,123-57
363,5,1,T_NewStore_NameKey_116,2,,600,,,24,250,,,,3,30,5,,,,,,,,,,123
364,5,1,T_NewStore_NameKey_117,250003,,10,,,24,100,,,,3,30,5,,,,,,,,,,123
365,5,1,T_NewStore_NameKey_118,350004,,10,,,24,100,,,,3,30,5,,,,,,,,,,123
366,5,1,T_NewStore_NameKey_119,350001,,10,,,24,100,,,,3,30,5,,,,,,,,,,123
367,5,1,T_NewStore_NameKey_120,350002,,10,,,24,60,,,,3,30,10,,,,,,,,,,123
368,5,1,T_NewStore_NameKey_121,350003,,10,,,24,30,,,,3,30,10,,,,,,,,,,123
369,5,1,T_NewStore_NameKey_122,1,,600,,,24,50,,,,3,30,10,,,,,,,,,,123
370,5,1,T_NewStore_NameKey_122,1,,60,,,24,5,,,,3,30,99,,,,,,,,,,123
RandomSex010,5,1,T_NewStore_NameKey_RandomSex001,SpeG0011,,1,,,25,3000,,,,3,30,10,,,,,,,Selectable,1,,125
397,5,1,T_NewStore_NameKey_197,100018,,5,,,25,200,,,,3,30,10,,,,,,,,,,125-57
398,5,1,T_NewStore_NameKey_198,100017,,5,,,25,200,,,,3,30,10,,,,,,,,,,125-57
399,5,1,T_NewStore_NameKey_112,100013,,5,,,25,200,,,,3,30,10,,,,,,,,,,125-57
400,5,1,T_NewStore_NameKey_113,100014,,5,,,25,200,,,,3,30,10,,,,,,,,,,125-57
401,5,1,T_NewStore_NameKey_114,100015,,5,,,25,200,,,,3,30,10,,,,,,,,,,125-57
402,5,1,T_NewStore_NameKey_115,100016,,5,,,25,200,,,,3,30,10,,,,,,,,,,125-57
403,5,1,T_NewStore_NameKey_116,2,,600,,,25,250,,,,3,30,5,,,,,,,,,,125
404,5,1,T_NewStore_NameKey_117,250003,,10,,,25,100,,,,3,30,5,,,,,,,,,,125
405,5,1,T_NewStore_NameKey_118,350004,,10,,,25,100,,,,3,30,5,,,,,,,,,,125
406,5,1,T_NewStore_NameKey_119,350001,,10,,,25,100,,,,3,30,5,,,,,,,,,,125
407,5,1,T_NewStore_NameKey_120,350002,,10,,,25,60,,,,3,30,10,,,,,,,,,,125
408,5,1,T_NewStore_NameKey_121,350003,,10,,,25,30,,,,3,30,10,,,,,,,,,,125
409,5,1,T_NewStore_NameKey_122,1,,600,,,25,50,,,,3,30,10,,,,,,,,,,125
410,5,1,T_NewStore_NameKey_122,1,,60,,,25,5,,,,3,30,99,,,,,,,,,,125
RandomSex011,5,1,T_NewStore_NameKey_RandomSex001,SpeG0011,,1,,,26,3000,,,,3,30,10,,,,,,,Selectable,1,,127
439,5,1,T_NewStore_NameKey_197,100018,,5,,,26,200,,,,3,30,10,,,,,,,,,,127-57
440,5,1,T_NewStore_NameKey_198,100017,,5,,,26,200,,,,3,30,10,,,,,,,,,,127-57
441,5,1,T_NewStore_NameKey_112,100013,,5,,,26,200,,,,3,30,10,,,,,,,,,,127-57
442,5,1,T_NewStore_NameKey_113,100014,,5,,,26,200,,,,3,30,10,,,,,,,,,,127-57
443,5,1,T_NewStore_NameKey_114,100015,,5,,,26,200,,,,3,30,10,,,,,,,,,,127-57
444,5,1,T_NewStore_NameKey_115,100016,,5,,,26,200,,,,3,30,10,,,,,,,,,,127-57
445,5,1,T_NewStore_NameKey_116,2,,600,,,26,250,,,,3,30,5,,,,,,,,,,127
446,5,1,T_NewStore_NameKey_117,250003,,10,,,26,100,,,,3,30,5,,,,,,,,,,127
447,5,1,T_NewStore_NameKey_118,350004,,10,,,26,100,,,,3,30,5,,,,,,,,,,127
448,5,1,T_NewStore_NameKey_119,350001,,10,,,26,100,,,,3,30,5,,,,,,,,,,127
449,5,1,T_NewStore_NameKey_120,350002,,10,,,26,60,,,,3,30,10,,,,,,,,,,127
450,5,1,T_NewStore_NameKey_121,350003,,10,,,26,30,,,,3,30,10,,,,,,,,,,127
451,5,1,T_NewStore_NameKey_122,1,,600,,,26,50,,,,3,30,10,,,,,,,,,,127
452,5,1,T_NewStore_NameKey_122,1,,60,,,26,5,,,,3,30,99,,,,,,,,,,127
RandomSex012,5,1,T_NewStore_NameKey_RandomSex001,SpeG0011,,1,,,27,3000,,,,3,30,10,,,,,,,Selectable,1,,128
483,5,1,T_NewStore_NameKey_197,100018,,5,,,27,200,,,,3,30,10,,,,,,,,,,128-57
484,5,1,T_NewStore_NameKey_198,100017,,5,,,27,200,,,,3,30,10,,,,,,,,,,128-57
485,5,1,T_NewStore_NameKey_112,100013,,5,,,27,200,,,,3,30,10,,,,,,,,,,128-57
486,5,1,T_NewStore_NameKey_113,100014,,5,,,27,200,,,,3,30,10,,,,,,,,,,128-57
487,5,1,T_NewStore_NameKey_114,100015,,5,,,27,200,,,,3,30,10,,,,,,,,,,128-57
488,5,1,T_NewStore_NameKey_115,100016,,5,,,27,200,,,,3,30,10,,,,,,,,,,128-57
489,5,1,T_NewStore_NameKey_116,2,,600,,,27,250,,,,3,30,5,,,,,,,,,,128
490,5,1,T_NewStore_NameKey_117,250003,,10,,,27,100,,,,3,30,5,,,,,,,,,,128
491,5,1,T_NewStore_NameKey_118,350004,,10,,,27,100,,,,3,30,5,,,,,,,,,,128
492,5,1,T_NewStore_NameKey_119,350001,,10,,,27,100,,,,3,30,5,,,,,,,,,,128
493,5,1,T_NewStore_NameKey_120,350002,,10,,,27,60,,,,3,30,10,,,,,,,,,,128
494,5,1,T_NewStore_NameKey_121,350003,,10,,,27,30,,,,3,30,10,,,,,,,,,,128
495,5,1,T_NewStore_NameKey_122,1,,600,,,27,50,,,,3,30,10,,,,,,,,,,128
496,5,1,T_NewStore_NameKey_122,1,,60,,,27,5,,,,3,30,99,,,,,,,,,,128
RandomSex013,5,1,T_NewStore_NameKey_RandomSex001,SpeG0011,,1,,,28,3000,,,,3,30,10,,,,,,,Selectable,1,,129
516,5,1,T_NewStore_NameKey_197,100018,,5,,,28,200,,,,3,30,10,,,,,,,,,,129-57
517,5,1,T_NewStore_NameKey_198,100017,,5,,,28,200,,,,3,30,10,,,,,,,,,,129-57
518,5,1,T_NewStore_NameKey_198,100013,,5,,,28,200,,,,3,30,10,,,,,,,,,,129-57
519,5,1,T_NewStore_NameKey_113,100014,,5,,,28,200,,,,3,30,10,,,,,,,,,,129-57
520,5,1,T_NewStore_NameKey_114,100015,,5,,,28,200,,,,3,30,10,,,,,,,,,,129-57
521,5,1,T_NewStore_NameKey_115,100016,,5,,,28,200,,,,3,30,10,,,,,,,,,,129-57
522,5,1,T_NewStore_NameKey_116,2,,600,,,28,250,,,,3,30,5,,,,,,,,,,129
523,5,1,T_NewStore_NameKey_117,250003,,10,,,28,100,,,,3,30,5,,,,,,,,,,129
524,5,1,T_NewStore_NameKey_118,350004,,10,,,28,100,,,,3,30,5,,,,,,,,,,129
525,5,1,T_NewStore_NameKey_119,350001,,10,,,28,100,,,,3,30,5,,,,,,,,,,129
526,5,1,T_NewStore_NameKey_120,350002,,10,,,28,60,,,,3,30,10,,,,,,,,,,129
527,5,1,T_NewStore_NameKey_121,350003,,10,,,28,30,,,,3,30,10,,,,,,,,,,129
528,5,1,T_NewStore_NameKey_122,1,,600,,,28,50,,,,3,30,10,,,,,,,,,,129
529,5,1,T_NewStore_NameKey_122,1,,60,,,28,5,,,,3,30,99,,,,,,,,,,129
RandomSex014,5,1,T_NewStore_NameKey_RandomSex001,SpeG0011,,1,,,29,3000,,,,3,30,10,,,,,,,Selectable,1,,801
578,5,1,T_NewStore_NameKey_197,100018,,5,,,29,200,,,,3,30,10,,,,,,,,,,801-57
579,5,1,T_NewStore_NameKey_198,100017,,5,,,29,200,,,,3,30,10,,,,,,,,,,801-57
580,5,1,T_NewStore_NameKey_112,100013,,5,,,29,200,,,,3,30,10,,,,,,,,,,801-57
581,5,1,T_NewStore_NameKey_113,100014,,5,,,29,200,,,,3,30,10,,,,,,,,,,801-57
582,5,1,T_NewStore_NameKey_114,100015,,5,,,29,200,,,,3,30,10,,,,,,,,,,801-57
583,5,1,T_NewStore_NameKey_115,100016,,5,,,29,200,,,,3,30,10,,,,,,,,,,801-57
592,5,1,T_NewStore_NameKey_592,100000,,20,,,29,200,,,,3,30,10,,,,,,,,,,801
593,5,1,T_NewStore_NameKey_593,100001,,20,,,29,200,,,,3,30,10,,,,,,,,,,801
594,5,1,T_NewStore_NameKey_594,100002,,20,,,29,200,,,,3,30,10,,,,,,,,,,801
595,5,1,T_NewStore_NameKey_595,100003,,20,,,29,200,,,,3,30,10,,,,,,,,,,801
596,5,1,T_NewStore_NameKey_596,100004,,20,,,29,200,,,,3,30,10,,,,,,,,,,801
597,5,1,T_NewStore_NameKey_597,100005,,20,,,29,200,,,,3,30,10,,,,,,,,,,801
598,5,1,T_NewStore_NameKey_598,100006,,20,,,29,200,,,,3,30,10,,,,,,,,,,801
599,5,1,T_NewStore_NameKey_599,100007,,20,,,29,200,,,,3,30,10,,,,,,,,,,801
584,5,1,T_NewStore_NameKey_116,2,,600,,,29,250,,,,3,30,5,,,,,,,,,,801
585,5,1,T_NewStore_NameKey_117,250003,,10,,,29,100,,,,3,30,5,,,,,,,,,,801
586,5,1,T_NewStore_NameKey_118,350004,,10,,,29,100,,,,3,30,5,,,,,,,,,,801
587,5,1,T_NewStore_NameKey_119,350001,,10,,,29,100,,,,3,30,5,,,,,,,,,,801
588,5,1,T_NewStore_NameKey_120,350002,,10,,,29,60,,,,3,30,10,,,,,,,,,,801
589,5,1,T_NewStore_NameKey_121,350003,,10,,,29,30,,,,3,30,10,,,,,,,,,,801
590,5,1,T_NewStore_NameKey_122,1,,600,,,29,50,,,,3,30,10,,,,,,,,,,801
591,5,1,T_NewStore_NameKey_122,1,,60,,,29,5,,,,3,30,99,,,,,,,,,,801
Guild_001,9,,T_NewStore_NameKey_Guild_001,FR047,,1,,,79,1250,,,,,,1,,,,,,,,,,67
Guild_002,9,,T_NewStore_NameKey_Guild_002,FR048,,1,,,79,1250,,,,,,1,,,,,,,,,,67
Guild_003,9,,T_NewStore_NameKey_Guild_003,FR049,,1,,,79,1250,,,,,,1,,,,,,,,,,67
Guild_004,9,,T_NewStore_NameKey_Guild_004,BG048,,1,,,79,1000,,,,,,1,,,,,,,,,,67
Guild_005,9,,T_NewStore_NameKey_Guild_005,BG049,,1,,,79,1000,,,,,,1,,,,,,,,,,67
Guild_006,9,,T_NewStore_NameKey_Guild_006,BG050,,1,,,79,1000,,,,,,1,,,,,,,,,,67
Guild_007,9,,T_NewStore_NameKey_Guild_007,BG051,,1,,,79,1000,,,,,,1,,,,,,,,,,67
Guild_008,9,,T_NewStore_NameKey_Guild_008,32,,1,,,79,1500,,,,,,,,,,,,,,,,67
Guild_009,9,,T_NewStore_NameKey_Guild_009,45047,,1,,,78,1600,,,,,,,,,,,,,Selectable,1,,67
Guild_010,9,,T_NewStore_NameKey_Guild_010,350014,,50,,,78,85,,,,,,,,,,,,,,,,67
Guild_011,9,,T_NewStore_NameKey_Guild_011,70,,1,,,78,250,,,,,,,,,,,,,,,,67
1847,5,10,T_NewStore_NameKey_1847,967,,1,,,74,2000,,,,,,,,,,,,,,,,151
1848,5,10,T_NewStore_NameKey_122,1,,300,,,74,50,,,,,,,,,,,,,,,,151
10001,5,10,T_NewStore_NameKey_10001,974,,1,,,75,2000,,,,,,,,,,,,,,,,152
10002,5,10,T_NewStore_NameKey_122,1,,300,,,75,50,,,,,,,,,,,,,,,,152
2nd_001,5,10,T_NewStore_NameKey_2nd_001,45011,,1,,,76,2000,,,,,,,,,,,,,Selectable,1,,132
2nd_002,5,10,T_NewStore_NameKey_2nd_002,863,,1,,,76,3000,,,,,,3,,,,,,,Selectable,1,,132
2nd_003,5,10,T_NewStore_NameKey_2nd_003,864,,1,,,76,3000,,,,,,3,,,,,,,Selectable,1,,132
2nd_004,5,10,T_NewStore_NameKey_2nd_004,865,,1,,,76,3000,,,,,,3,,,,,,,Selectable,1,,132
2nd_005,5,10,T_NewStore_NameKey_2nd_005,42037,,1,,,76,1500,,,,,,,,,,,,,Selectable,1+1,,132
2nd_006,5,10,T_NewStore_NameKey_2nd_006,942,,1,,,76,1500,,,,,,,,,,,,,Selectable,1+1,,132
2nd_007,5,10,T_NewStore_NameKey_2nd_007,939,,1,,,76,1200,,,,,,,,,,,,,Selectable,1+1,,132
2nd_008,5,10,T_NewStore_NameKey_2nd_008,828,,1,,,76,1000,,,,,,,,,,,,,Selectable,1+1,,132
2nd_009,5,10,T_NewStore_NameKey_2nd_009,830,,1,,,76,1500,,,,,,,,,,,,,Selectable,1+1,,132
2nd_010,5,10,T_NewStore_NameKey_2nd_010,829,,1,,,76,1500,,,,,,,,,,,,,Selectable,1+1,,132
2nd_011,5,10,T_NewStore_NameKey_2nd_011,941,,1,,,76,500,,,,,,,,,,,,,Selectable,1+1,,132
2nd_012,5,10,T_NewStore_NameKey_2nd_012,871,,1,,,76,500,,,,,,,,,,,,,Selectable,1,,132
2nd_013,5,10,T_NewStore_NameKey_122,1,,1000,,,76,200,,,,,,,,,,,,,,,,132
2nd_051,5,10,T_NewStore_NameKey_2nd_051,869,,1,,,77,5000,,,,,,3,,,,,,,,,,132
2nd_052,5,10,T_NewStore_NameKey_2nd_052,866,,1,,,77,7500,,,,,,1,,,,,,,,,,132
2nd_053,5,10,T_NewStore_NameKey_2nd_053,867,,1,,,77,7500,,,,,,1,,,,,,,,,,132
2nd_054,5,10,T_NewStore_NameKey_2nd_054,868,,1,,,77,7500,,,,,,1,,,,,,,,,,132
2nd_055,5,10,T_NewStore_NameKey_2nd_055,42047,,1,,,77,3750,,,,,,5,,,,,,,,,,132
2nd_056,5,10,T_NewStore_NameKey_2nd_056,41023,,1,,,77,3750,,,,,,3,,,,,,,,,,132
2nd_057,5,10,T_NewStore_NameKey_2nd_057,940,,1,,,77,3000,,,,,,5,,,,,,,,,,132
2nd_058,5,10,T_NewStore_NameKey_2nd_058,870,,1,,,77,2500,,,,,,5,,,,,,,,,,132
2nd_059,5,10,T_NewStore_NameKey_2nd_059,917,,1,,,77,800,,,,,,3,,,,,,,,,,132
2nd_060,5,10,T_NewStore_NameKey_122,1,,1000,,,77,500,,,,,,100,,,,,,,,,,132
2021Xmas_001,5,11,T_NewStore_NameKey_2021Xmas_001,35,,1,,,27,300,,,,,,10,,,,,,,,,,130
2021Xmas_002,5,11,T_NewStore_NameKey_2021Xmas_002,19001,,1,,,36,1800,,,,,,1,,,,,,,,,,130
2021Xmas_003,5,11,T_NewStore_NameKey_2021Xmas_003,FR039,,1,,,36,1200,,,,,,1,,,,,,,,,,130
2021Xmas_004,5,11,T_NewStore_NameKey_2021Xmas_004,BG017,,1,,,36,600,,,,,,1,,,,,,,,,,130
2021Xmas_005,5,11,T_NewStore_NameKey_2021Xmas_005,BG019,,1,,,36,600,,,,,,1,,,,,,,,,,130
2021Xmas_006,5,11,T_NewStore_NameKey_2021Xmas_006,930,,1,,,36,800,,,,,,,,,,,,,Selectable,1,,130
2021Xmas_007,5,11,T_NewStore_NameKey_2021Xmas_007,161019,,1,,,36,900,,,,,,,,,,,,,,,,130
2021Xmas_008,5,11,T_NewStore_NameKey_2021Xmas_008,150073,,50,,,36,300,,,,,,3,,,,,,,,,,130
2021Xmas_009,5,11,T_NewStore_NameKey_2021Xmas_009,151019,,50,,,36,300,,,,,,3,,,,,,,,,,130
2021Xmas_010,5,11,T_NewStore_NameKey_2021Xmas_010,150074,,50,,,36,100,,,,,,,,,,,,,,,,130
2021Xmas_011,5,11,T_NewStore_NameKey_2021Xmas_011,150075,,50,,,36,100,,,,,,,,,,,,,,,,130
2021Xmas_012,5,11,T_NewStore_NameKey_122,1,,500,,,36,10,,,,,,,,,,,,,,,,130
2022NewYear_001,5,10,T_NewStore_NameKey_2022NewYear_001,SpeFR001,,1,,,37,2000,,,,,,1,,,,,,,,,,131
2022NewYear_002,5,10,T_NewStore_NameKey_2022NewYear_002,SpeH001,,1,,,37,1500,,,,,,1,,,,,,,,,,131
2022NewYear_003,5,10,T_NewStore_NameKey_2022NewYear_003,SpeH002,,1,,,37,1500,,,,,,1,,,,,,,,,,131
2022NewYear_004,5,10,T_NewStore_NameKey_2022NewYear_004,SpeBG001,,1,,,37,1500,,,,,,1,,,,,,,,,,131
2022NewYear_005,5,10,T_NewStore_NameKey_2022NewYear_005,SpeBG002,,1,,,37,1500,,,,,,1,,,,,,,,,,131
2022NewYear_006,5,10,T_NewStore_NameKey_2022NewYear_006,931,,1,,,37,2000,,,,,,,,,,,,,Selectable,1+1,,131
2022NewYear_007,5,10,T_NewStore_NameKey_2022NewYear_007,872,,1,,,37,2000,,,,,,,,,,,,,Selectable,1+1,,131
2022NewYear_008,5,10,T_NewStore_NameKey_2022NewYear_008,873,,1,,,37,2000,,,,,,,,,,,,,Selectable,1+1,,131
2022NewYear_009,5,10,T_NewStore_NameKey_2022NewYear_009,45037,,1,,,37,2000,,,,,,,,,,,,,Selectable,1+1,,131
2022NewYear_010,5,10,T_NewStore_NameKey_2022NewYear_010,825,,1,,,37,1500,,,,,,,,,,,,,Selectable,1,,131
2022NewYear_011,5,10,T_NewStore_NameKey_2022NewYear_011,957,,1,,,37,1500,,,,,,,,,,,,,Selectable,1,,131
2022NewYear_012,5,10,T_NewStore_NameKey_2022NewYear_012,45020,,1,,,37,1200,,,,,,,,,,,,,Selectable,1,,131
2022NewYear_013,5,10,T_NewStore_NameKey_2022NewYear_013,952,,1,,,37,1000,,,,,,,,,,,,,Selectable,1,,131
2022NewYear_014,5,10,T_NewStore_NameKey_2022NewYear_014,954,,1,,,37,1000,,,,,,,,,,,,,Selectable,1,,131
2022NewYear_015,5,10,T_NewStore_NameKey_2nd_009,830,,1,,,37,1500,,,,,,,,,,,,,Selectable,1,,131
2022NewYear_016,5,10,T_NewStore_NameKey_2nd_010,829,,1,,,37,1500,,,,,,,,,,,,,Selectable,1,,131
2022NewYear_017,5,10,T_NewStore_NameKey_2nd_011,941,,1,,,37,500,,,,,,,,,,,,,Selectable,1,,131
2022NewYear_018,5,10,T_NewStore_NameKey_2nd_012,871,,1,,,37,500,,,,,,,,,,,,,Selectable,1,,131
2022NewYear_019,5,10,T_NewStore_NameKey_122,1,,200,,,37,100,,,,,,,,,,,,,,,,131
2022VD_001,5,10,T_NewStore_NameKey_2022VD_001,SpeFR002,,1,,,39,2000,,,,,,1,,,,,,,,,,133
2022VD_002,5,10,T_NewStore_NameKey_2022VD_002,933,,1,,,39,2000,,,,,,,,,,,,,Selectable,1+1,,133
2022VD_003,5,10,T_NewStore_NameKey_2022VD_003,947,,1,,,39,2000,,,,,,,,,,,,,Selectable,1+1,,133
2022VD_004,5,10,T_NewStore_NameKey_2022VD_004,989,,1,,,39,2000,,,,,,,,,,,,,Selectable,1+1,,133
2022VD_005,5,10,T_NewStore_NameKey_2022VD_005,45033,,1,,,39,2000,,,,,,,,,,,,,Selectable,1+1,,133
2022VD_006,5,10,T_NewStore_NameKey_2nd_006,942,,1,,,39,1500,,,,,,,,,,,,,Selectable,1,,133
2022VD_007,5,10,T_NewStore_NameKey_2nd_007,939,,1,,,39,1500,,,,,,,,,,,,,Selectable,1,,133
2022VD_008,5,10,T_NewStore_NameKey_2022NewYear_012,45020,,1,,,39,1200,,,,,,,,,,,,,Selectable,1,,133
2022VD_009,5,10,T_NewStore_NameKey_2022NewYear_013,952,,1,,,39,1000,,,,,,,,,,,,,Selectable,1,,133
2022VD_010,5,10,T_NewStore_NameKey_2022NewYear_014,954,,1,,,39,1000,,,,,,,,,,,,,Selectable,1,,133
2022VD_011,5,10,T_NewStore_NameKey_122,1,,200,,,39,100,,,,,,,,,,,,,,,,133
2022SB_001,5,10,T_NewStore_NameKey_2nd_006,942,,1,,,13,3000,,,,,,3,,,,,,,Selectable,1+1,,134
2022SB_002,5,10,T_NewStore_NameKey_2nd_005,42037,,1,,,13,3000,,,,,,3,,,,,,,Selectable,1+1,,134
2022SB_003,5,10,T_NewStore_NameKey_2nd_007,939,,1,,,13,2400,,,,,,3,,,,,,,Selectable,1+1,,134
2022SB_004,5,10,T_NewStore_NameKey_2nd_008,828,,1,,,13,2000,,,,,,3,,,,,,,Selectable,1+1,,134
2022SB_005,5,10,T_NewStore_NameKey_2nd_009,830,,1,,,13,3000,,,,,,3,,,,,,,Selectable,1+1,,134
2022SB_006,5,10,T_NewStore_NameKey_2nd_010,829,,1,,,13,3000,,,,,,3,,,,,,,Selectable,1+1,,134
2022SB_007,5,10,T_NewStore_NameKey_2nd_011,941,,1,,,13,1000,,,,,,5,,,,,,,Selectable,1+1,,134
2022SB_008,5,10,T_NewStore_NameKey_2nd_012,871,,1,,,13,1000,,,,,,5,,,,,,,Selectable,1,,134
2022SB_009,5,10,T_NewStore_NameKey_2022NewYear_013,952,,1,,,13,2000,,,,,,5,,,,,,,Selectable,1,,134
2022SB_010,5,10,T_NewStore_NameKey_2022NewYear_014,954,,1,,,13,2000,,,,,,5,,,,,,,Selectable,1,,134
2022SB_011,5,10,T_NewStore_NameKey_122,1,,200,,,13,300,,,,,,100,,,,,,,,,,134
2022SK_001,5,10,T_NewStore_NameKey_2022SK_001,34,,6000,,,41,1,,,,,,3,,,,,,,,,,135
2022SK_002,5,10,T_NewStore_NameKey_2022SK_002,100019,,300,,,41,1,,,,,,5,,,,,,,,,,135
2022SK_003,5,10,T_NewStore_NameKey_2022SK_003,SpeG0022,,1,,,41,3,,,,,,3,,,,,,,Selectable,1,,135
2022SK_004,5,10,T_NewStore_NameKey_2022SK_004,SpeG0020,,1,,,41,1,,,,,,5,,,,,,,Selectable,1,,135
2022SK_005,5,10,T_NewStore_NameKey_2nd_005,42037,,1,,,40,3000,,,,,,5,,,,,,,Selectable,1+1,,135
2022SK_006,5,10,T_NewStore_NameKey_2nd_007,939,,1,,,40,2500,,,,,,10,,,,,,,Selectable,1+1,,135
2022SK_007,5,10,T_NewStore_NameKey_2022SK_007,SpeG0008,,1,,,40,2000,,,,,,10,,,,,,,Selectable,1,,135
2022SK_008,5,10,T_NewStore_NameKey_2022SK_008,SpeG0019,,1,,,40,2000,,,,,,10,,,,,,,Selectable,1,,135
2022SK_009,5,10,T_NewStore_NameKey_2022SK_009,SpeG0006,,1,,,40,1500,,,,,,10,,,,,,,Selectable,1,,135
2022SK_010,5,10,T_NewStore_NameKey_2022SK_010,SpeG0018,,1,,,40,1000,,,,,,5,,,,,,,,,,135
2022SK_011,5,10,T_NewStore_NameKey_122,1,,200,,,40,200,,,,,,100,,,,,,,,,,135
2022SK_012,5,10,T_NewStore_NameKey_2022SK_012,40,,1000,,,16,3000,,,,,,3,,,,,,,,,,135
2022NUGW_001,5,10,T_NewStore_NameKey_2021Xmas_003,FR039,,1,,,43,1200,,,,,,1,,,,,,,,,,136
2022NUGW_002,5,10,T_NewStore_NameKey_2022NewYear_001,SpeFR001,,1,,,43,1200,,,,,,1,,,,,,,,,,136
2022NUGW_003,5,10,T_NewStore_NameKey_2022VD_001,SpeFR002,,1,,,43,1200,,,,,,1,,,,,,,,,,136
2022NUGW_004,5,10,T_NewStore_NameKey_2022NewYear_002,SpeH001,,1,,,43,1200,,,,,,1,,,,,,,,,,136
2022NUGW_005,5,10,T_NewStore_NameKey_2022NewYear_003,SpeH002,,1,,,43,1200,,,,,,1,,,,,,,,,,136
2022NUGW_006,5,10,T_NewStore_NameKey_2021Xmas_004,BG017,,1,,,43,600,,,,,,1,,,,,,,,,,136
2022NUGW_007,5,10,T_NewStore_NameKey_2021Xmas_005,BG019,,1,,,43,600,,,,,,1,,,,,,,,,,136
2022NUGW_008,5,10,T_NewStore_NameKey_2022NewYear_004,SpeBG001,,1,,,43,600,,,,,,1,,,,,,,,,,136
2022NUGW_009,5,10,T_NewStore_NameKey_2022NewYear_005,SpeBG002,,1,,,43,600,,,,,,1,,,,,,,,,,136
2022NUGW_010,5,10,T_NewStore_NameKey_2022NUGW_010,SpeG0021,,1,,,43,2000,,,,,,,,,,,,,Selectable,1,,136
2022NUGW_011,5,10,T_NewStore_NameKey_2022NewYear_012,45020,,1,,,43,1200,,,,,,,,,,,,,Selectable,1,,136
2022NUGW_012,5,10,T_NewStore_NameKey_2022NewYear_013,952,,1,,,43,1000,,,,,,,,,,,,,Selectable,1,,136
2022NUGW_013,5,10,T_NewStore_NameKey_2022NewYear_014,954,,1,,,43,1000,,,,,,,,,,,,,Selectable,1,,136
2022NUGW_014,5,10,T_NewStore_NameKey_122,1,,500,,,43,50,,,,,,100,,,,,,,,,,136
GuildEvent_001,5,10,T_NewStore_NameKey_GuildEvent_001,350015,,50,,,45,2,,,,,,10,,,,,,,,,,137
GuildEvent_002,5,10,T_NewStore_NameKey_GuildEvent_002,936,,1,,,45,2,,,,,,3,,,,,,,Selectable,1,,137
GuildEvent_003,5,10,T_NewStore_NameKey_GuildEvent_003,350101,,1,,,45,1,,,,,,1,,,,,,,,,,137
GuildEvent_004,5,10,T_NewStore_NameKey_GuildEvent_004,33,,1,,,45,1,,,,,,20,,,,,,,,,,137
GuildEvent_005,5,10,T_NewStore_NameKey_Guild_010,350014,,50,,,44,2000,,,,,,10,,,,,,,,,,137
GuildEvent_006,5,10,T_NewStore_NameKey_2nd_006,942,,1,,,44,3000,,,,,,5,,,,,,,Selectable,1+1,,137
GuildEvent_007,5,10,T_NewStore_NameKey_2nd_005,42037,,1,,,44,3000,,,,,,5,,,,,,,Selectable,1+1,,137
GuildEvent_008,5,10,T_NewStore_NameKey_2nd_007,939,,1,,,44,2000,,,,,,10,,,,,,,Selectable,1+1,,137
GuildEvent_009,5,10,T_NewStore_NameKey_GuildEvent_009,71,,500,,,44,1500,,,,,,10,,,,,,,,,,137
GuildEvent_010,5,10,T_NewStore_NameKey_GuildEvent_010,72,,500,,,44,1500,,,,,,10,,,,,,,,,,137
GuildEvent_011,5,10,T_NewStore_NameKey_GuildEvent_011,73,,500,,,44,1500,,,,,,10,,,,,,,,,,137
GuildEvent_012,5,10,T_NewStore_NameKey_GuildEvent_012,350005,,200,,,44,1000,,,,,,20,,,,,,,,,,137
GuildEvent_013,5,10,T_NewStore_NameKey_GuildEvent_013,350006,,100,,,44,1000,,,,,,20,,,,,,,,,,137
GuildEvent_014,5,10,T_NewStore_NameKey_GuildEvent_014,350007,,100,,,44,1000,,,,,,20,,,,,,,,,,137
GuildEvent_015,5,10,T_NewStore_NameKey_GuildEvent_015,350008,,100,,,44,1000,,,,,,20,,,,,,,,,,137
GuildEvent_016,5,10,T_NewStore_NameKey_GuildEvent_016,350009,,100,,,44,1000,,,,,,20,,,,,,,,,,137
GuildEvent_017,5,10,T_NewStore_NameKey_GuildEvent_017,350010,,50,,,44,1000,,,,,,20,,,,,,,,,,137
GuildEvent_018,5,10,T_NewStore_NameKey_GuildEvent_018,350011,,50,,,44,1000,,,,,,20,,,,,,,,,,137
GuildEvent_019,5,10,T_NewStore_NameKey_GuildEvent_019,350012,,50,,,44,1000,,,,,,20,,,,,,,,,,137
GuildEvent_020,5,10,T_NewStore_NameKey_117,250003,,10,,,44,500,,,,,,30,,,,,,,,,,137
GuildEvent_021,5,10,T_NewStore_NameKey_118,350004,,30,,,44,500,,,,,,30,,,,,,,,,,137
GuildEvent_022,5,10,T_NewStore_NameKey_119,350001,,30,,,44,500,,,,,,30,,,,,,,,,,137
GuildEvent_023,5,10,T_NewStore_NameKey_120,350002,,30,,,44,500,,,,,,30,,,,,,,,,,137
GuildEvent_024,5,10,T_NewStore_NameKey_121,350003,,30,,,44,500,,,,,,30,,,,,,,,,,137
GuildEvent_025,5,10,T_NewStore_NameKey_122,1,,500,,,44,200,,,,,,99,,,,,,,,,,137
1701,5,104,T_NewStore_NameKey_1701,701,,1,,,1,,,,,,1,1,,,,,1,,,,,271
1702,5,105,T_NewStore_NameKey_1702,702,,1,,,1,,,,,1,,1,,,,,1,,,,,271
1703,5,106,T_NewStore_NameKey_1703,703,,1,,,1,,,,,2,,1,,,,,1,,,,,271
1704,5,104,T_NewStore_NameKey_1704,704,,1,,,11,75,,,,,1,1,,,,,,,,,,271-297
1705,5,105,T_NewStore_NameKey_1705,705,,1,,,11,75,,,,1,,1,,,,,,,,,,271
1706,5,106,T_NewStore_NameKey_1706,706,,1,,,11,225,,,,2,,2,,,,,,,,,,271
1707,5,104,T_NewStore_NameKey_1707,707,,1,,,11,375,,,,,1,1,,,,,,,,,,271-297
1708,5,105,T_NewStore_NameKey_1708,708,,1,,,11,750,,,,1,,1,,,,,,,,,,271
1709,5,105,T_NewStore_NameKey_1709,709,,1,,,11,1875,,,,1,,1,,,,,,,,,,271
1710,5,106,T_NewStore_NameKey_1710,710,,1,,,11,3750,,,,2,,1,,,,,,,,,,271
1711,5,106,T_NewStore_NameKey_1711,711,,1,,,11,7500,,,,2,,1,,,,,,,,,,271
1712,5,104,T_NewStore_NameKey_1712,712,,1,,,11,225,,,,,1,1,,,,,,,,,,271-297
1713,5,105,T_NewStore_NameKey_1713,713,,1,,,11,450,,,,1,,2,,,,,,,,,,271
1714,5,106,T_NewStore_NameKey_1714,714,,1,,,11,750,,,,2,,3,,,,,,,,,,271
1715,5,104,T_NewStore_NameKey_1715,715,,1,,,11,225,,,,,1,1,,,,,,,,,,271-297
1716,5,105,T_NewStore_NameKey_1716,716,,1,,,11,450,,,,1,,2,,,,,,,,,,271
1717,5,106,T_NewStore_NameKey_1717,717,,1,,,11,750,,,,2,,3,,,,,,,,,,271
1776,5,104,T_NewStore_NameKey_1776,736,,1,,,11,225,,,,,1,1,,,,,,,,,,271-297
1777,5,105,T_NewStore_NameKey_1777,737,,1,,,11,450,,,,1,,2,,,,,,,,,,271
1778,5,106,T_NewStore_NameKey_1778,738,,1,,,11,750,,,,2,,3,,,,,,,,,,271
1779,5,104,T_NewStore_NameKey_1779,739,,1,,,11,225,,,,,1,1,,,,,,,,,,271-297
1780,5,105,T_NewStore_NameKey_1780,740,,1,,,11,450,,,,1,,2,,,,,,,,,,271
1781,5,106,T_NewStore_NameKey_1781,741,,1,,,11,750,,,,2,,3,,,,,,,,,,271
1782,5,104,T_NewStore_NameKey_1782,742,,1,,,11,225,,,,,1,1,,,,,,,,,,271-297
1783,5,105,T_NewStore_NameKey_1783,743,,1,,,11,450,,,,1,,2,,,,,,,,,,271
1784,5,106,T_NewStore_NameKey_1784,744,,1,,,11,750,,,,2,,3,,,,,,,,,,271
1785,5,104,T_NewStore_NameKey_1785,745,,1,,,11,225,,,,,1,1,,,,,,,,,,271-297
1786,5,105,T_NewStore_NameKey_1786,746,,1,,,11,450,,,,1,,2,,,,,,,,,,271
1787,5,106,T_NewStore_NameKey_1787,747,,1,,,11,750,,,,2,,3,,,,,,,,,,271
1718,5,104,T_NewStore_NameKey_1718,718,,1,,,11,225,,,,,1,1,,,,,,,,,,271-297
1719,5,105,T_NewStore_NameKey_1719,719,,1,,,11,450,,,,1,,2,,,,,,,,,,271
1720,5,106,T_NewStore_NameKey_1720,720,,1,,,11,750,,,,2,,3,,,,,,,,,,271
1721,5,104,T_NewStore_NameKey_1721,721,,1,,,11,225,,,,,1,1,,,,,,,,,,271-297
1722,5,105,T_NewStore_NameKey_1722,722,,1,,,11,450,,,,1,,2,,,,,,,,,,271
1723,5,106,T_NewStore_NameKey_1723,723,,1,,,11,750,,,,2,,3,,,,,,,,,,271
1724,5,104,T_NewStore_NameKey_1724,724,,1,,,11,225,,,,,1,1,,,,,,,,,,271-297
1725,5,105,T_NewStore_NameKey_1725,725,,1,,,11,450,,,,1,,2,,,,,,,,,,271
1726,5,106,T_NewStore_NameKey_1726,726,,1,,,11,750,,,,2,,3,,,,,,,,,,271
1727,5,104,T_NewStore_NameKey_1727,727,,1,,,11,150,,,,,1,1,,,,,,,,,,271-297
1728,5,105,T_NewStore_NameKey_1728,728,,1,,,11,300,,,,1,,2,,,,,,,,,,271
1729,5,106,T_NewStore_NameKey_1729,729,,1,,,11,525,,,,2,,3,,,,,,,,,,271
1730,5,104,T_NewStore_NameKey_1730,730,,1,,,11,75,,,,,1,1,,,,,,,,,,271-297
1731,5,105,T_NewStore_NameKey_1731,731,,1,,,11,150,,,,1,,2,,,,,,,,,,271
1732,5,106,T_NewStore_NameKey_1732,732,,1,,,11,225,,,,2,,3,,,,,,,,,,271
1733,5,104,T_NewStore_NameKey_1733,733,,1,,,11,225,,,,,1,1,,,,,,,,,,271-297
1734,5,105,T_NewStore_NameKey_1734,734,,1,,,11,450,,,,1,,2,,,,,,,,,,271
1735,5,106,T_NewStore_NameKey_1735,735,,1,,,11,750,,,,2,,3,,,,,,,,,,271
1736,5,104,T_NewStore_NameKey_1736,101,,1,,,11,75,,,,,1,1,,,,,,,,,,271-107
1737,5,104,T_NewStore_NameKey_1737,102,,1,,,11,375,,,,,1,1,,,,,,,,,,271-107
1738,5,104,T_NewStore_NameKey_1738,103,,1,,,11,225,,,,,1,1,,,,,,,,,,271-107
1739,5,104,T_NewStore_NameKey_1739,104,,1,,,11,225,,,,,1,1,,,,,,,,,,271-107
1788,5,104,T_NewStore_NameKey_1788,141,,1,,,11,225,,,,,1,1,,,,,,,,,,271-107
1789,5,104,T_NewStore_NameKey_1789,142,,1,,,11,225,,,,,1,1,,,,,,,,,,271-107
1790,5,104,T_NewStore_NameKey_1790,143,,1,,,11,225,,,,,1,1,,,,,,,,,,271-107
1791,5,104,T_NewStore_NameKey_1791,144,,1,,,11,225,,,,,1,1,,,,,,,,,,271-107
1740,5,104,T_NewStore_NameKey_1740,105,,1,,,11,225,,,,,1,1,,,,,,,,,,271-107
1741,5,104,T_NewStore_NameKey_1741,106,,1,,,11,225,,,,,1,1,,,,,,,,,,271-107
1742,5,104,T_NewStore_NameKey_1742,107,,1,,,11,225,,,,,1,1,,,,,,,,,,271-107
1743,5,104,T_NewStore_NameKey_1743,108,,1,,,11,150,,,,,1,1,,,,,,,,,,271-107
1744,5,104,T_NewStore_NameKey_1744,109,,1,,,11,75,,,,,1,1,,,,,,,,,,271-107
1745,5,104,T_NewStore_NameKey_1745,110,,1,,,11,225,,,,,1,1,,,,,,,,,,271-107
1746,5,104,T_NewStore_NameKey_1736,111,,1,,,11,75,,,,,1,1,,,,,,,,,,271-110
1747,5,104,T_NewStore_NameKey_1737,112,,1,,,11,375,,,,,1,1,,,,,,,,,,271-110
1748,5,104,T_NewStore_NameKey_1738,113,,1,,,11,225,,,,,1,1,,,,,,,,,,271-110
1749,5,104,T_NewStore_NameKey_1739,114,,1,,,11,225,,,,,1,1,,,,,,,,,,271-110
1792,5,104,T_NewStore_NameKey_1788,145,,1,,,11,225,,,,,1,1,,,,,,,,,,271-110
1793,5,104,T_NewStore_NameKey_1789,146,,1,,,11,225,,,,,1,1,,,,,,,,,,271-110
1794,5,104,T_NewStore_NameKey_1790,147,,1,,,11,225,,,,,1,1,,,,,,,,,,271-110
1795,5,104,T_NewStore_NameKey_1791,148,,1,,,11,225,,,,,1,1,,,,,,,,,,271-110
1750,5,104,T_NewStore_NameKey_1740,115,,1,,,11,225,,,,,1,1,,,,,,,,,,271-110
1751,5,104,T_NewStore_NameKey_1741,116,,1,,,11,225,,,,,1,1,,,,,,,,,,271-110
1752,5,104,T_NewStore_NameKey_1742,117,,1,,,11,225,,,,,1,1,,,,,,,,,,271-110
1753,5,104,T_NewStore_NameKey_1743,118,,1,,,11,150,,,,,1,1,,,,,,,,,,271-110
1754,5,104,T_NewStore_NameKey_1744,119,,1,,,11,75,,,,,1,1,,,,,,,,,,271-110
1755,5,104,T_NewStore_NameKey_1745,120,,1,,,11,225,,,,,1,1,,,,,,,,,,271-110
1756,5,104,T_NewStore_NameKey_1736,121,,1,,,11,75,,,,,1,1,,,,,,,,,,271-114
1757,5,104,T_NewStore_NameKey_1737,122,,1,,,11,375,,,,,1,1,,,,,,,,,,271-114
1758,5,104,T_NewStore_NameKey_1738,123,,1,,,11,225,,,,,1,1,,,,,,,,,,271-114
1759,5,104,T_NewStore_NameKey_1739,124,,1,,,11,225,,,,,1,1,,,,,,,,,,271-114
1796,5,104,T_NewStore_NameKey_1788,149,,1,,,11,225,,,,,1,1,,,,,,,,,,271-114
1797,5,104,T_NewStore_NameKey_1789,150,,1,,,11,225,,,,,1,1,,,,,,,,,,271-114
1798,5,104,T_NewStore_NameKey_1790,151,,1,,,11,225,,,,,1,1,,,,,,,,,,271-114
1799,5,104,T_NewStore_NameKey_1791,152,,1,,,11,225,,,,,1,1,,,,,,,,,,271-114
1760,5,104,T_NewStore_NameKey_1740,125,,1,,,11,225,,,,,1,1,,,,,,,,,,271-114
1761,5,104,T_NewStore_NameKey_1741,126,,1,,,11,225,,,,,1,1,,,,,,,,,,271-114
1762,5,104,T_NewStore_NameKey_1742,127,,1,,,11,225,,,,,1,1,,,,,,,,,,271-114
1763,5,104,T_NewStore_NameKey_1743,128,,1,,,11,150,,,,,1,1,,,,,,,,,,271-114
1764,5,104,T_NewStore_NameKey_1744,129,,1,,,11,75,,,,,1,1,,,,,,,,,,271-114
1765,5,104,T_NewStore_NameKey_1745,130,,1,,,11,225,,,,,1,1,,,,,,,,,,271-114
1766,5,104,T_NewStore_NameKey_1736,131,,1,,,11,75,,,,,1,1,,,,,,,,,,271-116
1767,5,104,T_NewStore_NameKey_1737,132,,1,,,11,375,,,,,1,1,,,,,,,,,,271-116
1768,5,104,T_NewStore_NameKey_1738,133,,1,,,11,225,,,,,1,1,,,,,,,,,,271-116
1769,5,104,T_NewStore_NameKey_1739,134,,1,,,11,225,,,,,1,1,,,,,,,,,,271-116
1800,5,104,T_NewStore_NameKey_1788,153,,1,,,11,225,,,,,1,1,,,,,,,,,,271-116
1801,5,104,T_NewStore_NameKey_1789,154,,1,,,11,225,,,,,1,1,,,,,,,,,,271-116
1802,5,104,T_NewStore_NameKey_1790,155,,1,,,11,225,,,,,1,1,,,,,,,,,,271-116
1803,5,104,T_NewStore_NameKey_1791,156,,1,,,11,225,,,,,1,1,,,,,,,,,,271-116
1770,5,104,T_NewStore_NameKey_1740,135,,1,,,11,225,,,,,1,1,,,,,,,,,,271-116
1771,5,104,T_NewStore_NameKey_1741,136,,1,,,11,225,,,,,1,1,,,,,,,,,,271-116
1772,5,104,T_NewStore_NameKey_1742,137,,1,,,11,225,,,,,1,1,,,,,,,,,,271-116
1773,5,104,T_NewStore_NameKey_1743,138,,1,,,11,150,,,,,1,1,,,,,,,,,,271-116
1774,5,104,T_NewStore_NameKey_1744,139,,1,,,11,75,,,,,1,1,,,,,,,,,,271-116
1775,5,104,T_NewStore_NameKey_1745,140,,1,,,11,225,,,,,1,1,,,,,,,,,,271-116
1804,5,104,T_NewStore_NameKey_1736,157,,1,,,11,75,,,,,1,1,,,,,,,,,,271-118
1805,5,104,T_NewStore_NameKey_1737,158,,1,,,11,375,,,,,1,1,,,,,,,,,,271-118
1806,5,104,T_NewStore_NameKey_1738,159,,1,,,11,225,,,,,1,1,,,,,,,,,,271-118
1807,5,104,T_NewStore_NameKey_1739,160,,1,,,11,225,,,,,1,1,,,,,,,,,,271-118
1808,5,104,T_NewStore_NameKey_1788,167,,1,,,11,225,,,,,1,1,,,,,,,,,,271-118
1809,5,104,T_NewStore_NameKey_1789,168,,1,,,11,225,,,,,1,1,,,,,,,,,,271-118
1810,5,104,T_NewStore_NameKey_1790,169,,1,,,11,225,,,,,1,1,,,,,,,,,,271-118
1811,5,104,T_NewStore_NameKey_1791,170,,1,,,11,225,,,,,1,1,,,,,,,,,,271-118
1812,5,104,T_NewStore_NameKey_1740,161,,1,,,11,225,,,,,1,1,,,,,,,,,,271-118
1813,5,104,T_NewStore_NameKey_1741,162,,1,,,11,225,,,,,1,1,,,,,,,,,,271-118
1814,5,104,T_NewStore_NameKey_1742,163,,1,,,11,225,,,,,1,1,,,,,,,,,,271-118
1815,5,104,T_NewStore_NameKey_1743,164,,1,,,11,150,,,,,1,1,,,,,,,,,,271-118
1816,5,104,T_NewStore_NameKey_1744,165,,1,,,11,75,,,,,1,1,,,,,,,,,,271-118
1817,5,104,T_NewStore_NameKey_1745,166,,1,,,11,225,,,,,1,1,,,,,,,,,,271-118
1818,5,104,T_NewStore_NameKey_1736,171,,1,,,11,75,,,,,1,1,,,,,,,,,,271-120
1819,5,104,T_NewStore_NameKey_1737,172,,1,,,11,375,,,,,1,1,,,,,,,,,,271-120
1820,5,104,T_NewStore_NameKey_1738,173,,1,,,11,225,,,,,1,1,,,,,,,,,,271-120
1821,5,104,T_NewStore_NameKey_1739,174,,1,,,11,225,,,,,1,1,,,,,,,,,,271-120
1822,5,104,T_NewStore_NameKey_1788,175,,1,,,11,225,,,,,1,1,,,,,,,,,,271-120
1823,5,104,T_NewStore_NameKey_1789,176,,1,,,11,225,,,,,1,1,,,,,,,,,,271-120
1824,5,104,T_NewStore_NameKey_1790,177,,1,,,11,225,,,,,1,1,,,,,,,,,,271-120
1825,5,104,T_NewStore_NameKey_1791,178,,1,,,11,225,,,,,1,1,,,,,,,,,,271-120
1826,5,104,T_NewStore_NameKey_1740,179,,1,,,11,225,,,,,1,1,,,,,,,,,,271-120
1827,5,104,T_NewStore_NameKey_1741,180,,1,,,11,225,,,,,1,1,,,,,,,,,,271-120
1828,5,104,T_NewStore_NameKey_1742,181,,1,,,11,225,,,,,1,1,,,,,,,,,,271-120
1829,5,104,T_NewStore_NameKey_1743,182,,1,,,11,150,,,,,1,1,,,,,,,,,,271-120
1830,5,104,T_NewStore_NameKey_1744,183,,1,,,11,75,,,,,1,1,,,,,,,,,,271-120
1831,5,104,T_NewStore_NameKey_1745,184,,1,,,11,225,,,,,1,1,,,,,,,,,,271-120
1832,5,104,T_NewStore_NameKey_1736,185,,1,,,11,75,,,,,1,1,,,,,,,,,,271-122
1833,5,104,T_NewStore_NameKey_1737,186,,1,,,11,375,,,,,1,1,,,,,,,,,,271-122
1834,5,104,T_NewStore_NameKey_1738,187,,1,,,11,225,,,,,1,1,,,,,,,,,,271-122
1835,5,104,T_NewStore_NameKey_1739,188,,1,,,11,225,,,,,1,1,,,,,,,,,,271-122
1836,5,104,T_NewStore_NameKey_1788,189,,1,,,11,225,,,,,1,1,,,,,,,,,,271-122
1837,5,104,T_NewStore_NameKey_1789,190,,1,,,11,225,,,,,1,1,,,,,,,,,,271-122
1838,5,104,T_NewStore_NameKey_1790,191,,1,,,11,225,,,,,1,1,,,,,,,,,,271-122
1839,5,104,T_NewStore_NameKey_1791,192,,1,,,11,225,,,,,1,1,,,,,,,,,,271-122
1840,5,104,T_NewStore_NameKey_1740,193,,1,,,11,225,,,,,1,1,,,,,,,,,,271-122
1841,5,104,T_NewStore_NameKey_1741,194,,1,,,11,225,,,,,1,1,,,,,,,,,,271-122
1842,5,104,T_NewStore_NameKey_1742,195,,1,,,11,225,,,,,1,1,,,,,,,,,,271-122
1843,5,104,T_NewStore_NameKey_1743,196,,1,,,11,150,,,,,1,1,,,,,,,,,,271-122
1844,5,104,T_NewStore_NameKey_1744,197,,1,,,11,75,,,,,1,1,,,,,,,,,,271-122
1845,5,104,T_NewStore_NameKey_1745,198,,1,,,11,225,,,,,1,1,,,,,,,,,,271-122
1849,5,104,T_NewStore_NameKey_1736,199,,1,,,11,75,,,,,1,1,,,,,,,,,,271-124
1850,5,104,T_NewStore_NameKey_1737,200,,1,,,11,375,,,,,1,1,,,,,,,,,,271-124
1851,5,104,T_NewStore_NameKey_1738,201,,1,,,11,225,,,,,1,1,,,,,,,,,,271-124
1852,5,104,T_NewStore_NameKey_1739,202,,1,,,11,225,,,,,1,1,,,,,,,,,,271-124
1853,5,104,T_NewStore_NameKey_1788,203,,1,,,11,225,,,,,1,1,,,,,,,,,,271-124
1854,5,104,T_NewStore_NameKey_1789,204,,1,,,11,225,,,,,1,1,,,,,,,,,,271-124
1855,5,104,T_NewStore_NameKey_1790,205,,1,,,11,225,,,,,1,1,,,,,,,,,,271-124
1856,5,104,T_NewStore_NameKey_1791,206,,1,,,11,225,,,,,1,1,,,,,,,,,,271-124
1857,5,104,T_NewStore_NameKey_1740,207,,1,,,11,225,,,,,1,1,,,,,,,,,,271-124
1858,5,104,T_NewStore_NameKey_1741,208,,1,,,11,225,,,,,1,1,,,,,,,,,,271-124
1859,5,104,T_NewStore_NameKey_1742,209,,1,,,11,225,,,,,1,1,,,,,,,,,,271-124
1860,5,104,T_NewStore_NameKey_1743,210,,1,,,11,150,,,,,1,1,,,,,,,,,,271-124
1861,5,104,T_NewStore_NameKey_1744,211,,1,,,11,75,,,,,1,1,,,,,,,,,,271-124
1862,5,104,T_NewStore_NameKey_1745,212,,1,,,11,225,,,,,1,1,,,,,,,,,,271-124
1863,5,104,T_NewStore_NameKey_1736,213,,1,,,11,75,,,,,1,1,,,,,,,,,,271-123
1864,5,104,T_NewStore_NameKey_1737,214,,1,,,11,375,,,,,1,1,,,,,,,,,,271-123
1865,5,104,T_NewStore_NameKey_1738,215,,1,,,11,225,,,,,1,1,,,,,,,,,,271-123
1866,5,104,T_NewStore_NameKey_1739,216,,1,,,11,225,,,,,1,1,,,,,,,,,,271-123
1867,5,104,T_NewStore_NameKey_1788,217,,1,,,11,225,,,,,1,1,,,,,,,,,,271-123
1868,5,104,T_NewStore_NameKey_1789,218,,1,,,11,225,,,,,1,1,,,,,,,,,,271-123
1869,5,104,T_NewStore_NameKey_1790,219,,1,,,11,225,,,,,1,1,,,,,,,,,,271-123
1870,5,104,T_NewStore_NameKey_1791,220,,1,,,11,225,,,,,1,1,,,,,,,,,,271-123
1871,5,104,T_NewStore_NameKey_1740,221,,1,,,11,225,,,,,1,1,,,,,,,,,,271-123
1872,5,104,T_NewStore_NameKey_1741,222,,1,,,11,225,,,,,1,1,,,,,,,,,,271-123
1873,5,104,T_NewStore_NameKey_1742,223,,1,,,11,225,,,,,1,1,,,,,,,,,,271-123
1874,5,104,T_NewStore_NameKey_1743,224,,1,,,11,150,,,,,1,1,,,,,,,,,,271-123
1875,5,104,T_NewStore_NameKey_1744,225,,1,,,11,75,,,,,1,1,,,,,,,,,,271-123
1876,5,104,T_NewStore_NameKey_1745,226,,1,,,11,225,,,,,1,1,,,,,,,,,,271-123
1877,5,104,T_NewStore_NameKey_1736,227,,1,,,11,75,,,,,1,1,,,,,,,,,,271-125
1878,5,104,T_NewStore_NameKey_1737,228,,1,,,11,375,,,,,1,1,,,,,,,,,,271-125
1879,5,104,T_NewStore_NameKey_1738,229,,1,,,11,225,,,,,1,1,,,,,,,,,,271-125
1880,5,104,T_NewStore_NameKey_1739,230,,1,,,11,225,,,,,1,1,,,,,,,,,,271-125
1881,5,104,T_NewStore_NameKey_1788,231,,1,,,11,225,,,,,1,1,,,,,,,,,,271-125
1882,5,104,T_NewStore_NameKey_1789,232,,1,,,11,225,,,,,1,1,,,,,,,,,,271-125
1883,5,104,T_NewStore_NameKey_1790,233,,1,,,11,225,,,,,1,1,,,,,,,,,,271-125
1884,5,104,T_NewStore_NameKey_1791,234,,1,,,11,225,,,,,1,1,,,,,,,,,,271-125
1885,5,104,T_NewStore_NameKey_1740,235,,1,,,11,225,,,,,1,1,,,,,,,,,,271-125
1886,5,104,T_NewStore_NameKey_1741,236,,1,,,11,225,,,,,1,1,,,,,,,,,,271-125
1887,5,104,T_NewStore_NameKey_1742,237,,1,,,11,225,,,,,1,1,,,,,,,,,,271-125
1888,5,104,T_NewStore_NameKey_1743,238,,1,,,11,150,,,,,1,1,,,,,,,,,,271-125
1889,5,104,T_NewStore_NameKey_1744,239,,1,,,11,75,,,,,1,1,,,,,,,,,,271-125
1890,5,104,T_NewStore_NameKey_1745,240,,1,,,11,225,,,,,1,1,,,,,,,,,,271-125
1891,5,104,T_NewStore_NameKey_1736,241,,1,,,11,75,,,,,1,1,,,,,,,,,,271-127
1892,5,104,T_NewStore_NameKey_1737,242,,1,,,11,375,,,,,1,1,,,,,,,,,,271-127
1893,5,104,T_NewStore_NameKey_1738,243,,1,,,11,225,,,,,1,1,,,,,,,,,,271-127
1894,5,104,T_NewStore_NameKey_1739,244,,1,,,11,225,,,,,1,1,,,,,,,,,,271-127
1895,5,104,T_NewStore_NameKey_1788,245,,1,,,11,225,,,,,1,1,,,,,,,,,,271-127
1896,5,104,T_NewStore_NameKey_1789,246,,1,,,11,225,,,,,1,1,,,,,,,,,,271-127
1897,5,104,T_NewStore_NameKey_1790,247,,1,,,11,225,,,,,1,1,,,,,,,,,,271-127
1898,5,104,T_NewStore_NameKey_1791,248,,1,,,11,225,,,,,1,1,,,,,,,,,,271-127
1899,5,104,T_NewStore_NameKey_1740,249,,1,,,11,225,,,,,1,1,,,,,,,,,,271-127
1900,5,104,T_NewStore_NameKey_1741,250,,1,,,11,225,,,,,1,1,,,,,,,,,,271-127
1901,5,104,T_NewStore_NameKey_1742,251,,1,,,11,225,,,,,1,1,,,,,,,,,,271-127
1902,5,104,T_NewStore_NameKey_1743,252,,1,,,11,150,,,,,1,1,,,,,,,,,,271-127
1903,5,104,T_NewStore_NameKey_1744,253,,1,,,11,75,,,,,1,1,,,,,,,,,,271-127
1904,5,104,T_NewStore_NameKey_1745,254,,1,,,11,225,,,,,1,1,,,,,,,,,,271-127
1905,5,104,T_NewStore_NameKey_1736,255,,1,,,11,75,,,,,1,1,,,,,,,,,,271-128
1906,5,104,T_NewStore_NameKey_1737,256,,1,,,11,375,,,,,1,1,,,,,,,,,,271-128
1907,5,104,T_NewStore_NameKey_1738,257,,1,,,11,225,,,,,1,1,,,,,,,,,,271-128
1908,5,104,T_NewStore_NameKey_1739,258,,1,,,11,225,,,,,1,1,,,,,,,,,,271-128
1909,5,104,T_NewStore_NameKey_1788,259,,1,,,11,225,,,,,1,1,,,,,,,,,,271-128
1910,5,104,T_NewStore_NameKey_1789,260,,1,,,11,225,,,,,1,1,,,,,,,,,,271-128
1911,5,104,T_NewStore_NameKey_1790,261,,1,,,11,225,,,,,1,1,,,,,,,,,,271-128
1912,5,104,T_NewStore_NameKey_1791,262,,1,,,11,225,,,,,1,1,,,,,,,,,,271-128
1913,5,104,T_NewStore_NameKey_1740,263,,1,,,11,225,,,,,1,1,,,,,,,,,,271-128
1914,5,104,T_NewStore_NameKey_1741,264,,1,,,11,225,,,,,1,1,,,,,,,,,,271-128
1915,5,104,T_NewStore_NameKey_1742,265,,1,,,11,225,,,,,1,1,,,,,,,,,,271-128
1916,5,104,T_NewStore_NameKey_1743,266,,1,,,11,150,,,,,1,1,,,,,,,,,,271-128
1917,5,104,T_NewStore_NameKey_1744,267,,1,,,11,75,,,,,1,1,,,,,,,,,,271-128
1918,5,104,T_NewStore_NameKey_1745,268,,1,,,11,225,,,,,1,1,,,,,,,,,,271-128
1919,5,104,T_NewStore_NameKey_1736,269,,1,,,11,75,,,,,1,1,,,,,,,,,,271-129
1920,5,104,T_NewStore_NameKey_1737,270,,1,,,11,375,,,,,1,1,,,,,,,,,,271-129
1921,5,104,T_NewStore_NameKey_1738,271,,1,,,11,225,,,,,1,1,,,,,,,,,,271-129
1922,5,104,T_NewStore_NameKey_1739,272,,1,,,11,225,,,,,1,1,,,,,,,,,,271-129
1923,5,104,T_NewStore_NameKey_1788,273,,1,,,11,225,,,,,1,1,,,,,,,,,,271-129
1924,5,104,T_NewStore_NameKey_1789,274,,1,,,11,225,,,,,1,1,,,,,,,,,,271-129
1925,5,104,T_NewStore_NameKey_1790,275,,1,,,11,225,,,,,1,1,,,,,,,,,,271-129
1926,5,104,T_NewStore_NameKey_1791,276,,1,,,11,225,,,,,1,1,,,,,,,,,,271-129
1927,5,104,T_NewStore_NameKey_1740,277,,1,,,11,225,,,,,1,1,,,,,,,,,,271-129
1928,5,104,T_NewStore_NameKey_1741,278,,1,,,11,225,,,,,1,1,,,,,,,,,,271-129
1929,5,104,T_NewStore_NameKey_1742,279,,1,,,11,225,,,,,1,1,,,,,,,,,,271-129
1930,5,104,T_NewStore_NameKey_1743,280,,1,,,11,150,,,,,1,1,,,,,,,,,,271-129
1931,5,104,T_NewStore_NameKey_1744,281,,1,,,11,75,,,,,1,1,,,,,,,,,,271-129
1932,5,104,T_NewStore_NameKey_1745,282,,1,,,11,225,,,,,1,1,,,,,,,,,,271-129
1933,5,104,T_NewStore_NameKey_1736,283,,1,,,11,75,,,,,1,1,,,,,,,,,,271-801
1934,5,104,T_NewStore_NameKey_1737,284,,1,,,11,375,,,,,1,1,,,,,,,,,,271-801
1935,5,104,T_NewStore_NameKey_1738,285,,1,,,11,225,,,,,1,1,,,,,,,,,,271-801
1936,5,104,T_NewStore_NameKey_1739,286,,1,,,11,225,,,,,1,1,,,,,,,,,,271-801
1937,5,104,T_NewStore_NameKey_1788,287,,1,,,11,225,,,,,1,1,,,,,,,,,,271-801
1938,5,104,T_NewStore_NameKey_1789,288,,1,,,11,225,,,,,1,1,,,,,,,,,,271-801
1939,5,104,T_NewStore_NameKey_1790,289,,1,,,11,225,,,,,1,1,,,,,,,,,,271-801
1940,5,104,T_NewStore_NameKey_1791,290,,1,,,11,225,,,,,1,1,,,,,,,,,,271-801
1941,5,104,T_NewStore_NameKey_1740,291,,1,,,11,225,,,,,1,1,,,,,,,,,,271-801
1942,5,104,T_NewStore_NameKey_1741,292,,1,,,11,225,,,,,1,1,,,,,,,,,,271-801
1943,5,104,T_NewStore_NameKey_1742,293,,1,,,11,225,,,,,1,1,,,,,,,,,,271-801
1944,5,104,T_NewStore_NameKey_1743,294,,1,,,11,150,,,,,1,1,,,,,,,,,,271-801
1945,5,104,T_NewStore_NameKey_1744,295,,1,,,11,75,,,,,1,1,,,,,,,,,,271-801
1946,5,104,T_NewStore_NameKey_1745,296,,1,,,11,225,,,,,1,1,,,,,,,,,,271-801
230001,5,20,T_NewStore_NameKey_230001,842,,1,,,1,,,,,,1,1,,,,,1,3,,,,59
230002,5,20,T_NewStore_NameKey_230002,843,,1,,,1,,,,,,1,1,,,,,1,5,,,,59
230003,5,20,T_NewStore_NameKey_230003,844,,1,,,1,,,,,,1,1,,,,,1,10,,,,59
230023,5,20,T_NewStore_NameKey_230023,857,,1,,,1,,,,,,1,1,,,,,1,15,,,,59-62
230019,5,20,T_NewStore_NameKey_230019,845,,1,,,1,,,,,,1,1,,,,,1,3,,,,59-115
230020,5,20,T_NewStore_NameKey_230020,846,,1,,,1,,,,,,1,1,,,,,1,5,,,,59-115
230021,5,20,T_NewStore_NameKey_230021,847,,1,,,1,,,,,,1,1,,,,,1,10,,,,59-115
230022,5,20,T_NewStore_NameKey_230022,851,,1,,,1,,,,,,1,1,,,,,1,10,,,,59-115-62
230018,5,20,T_NewStore_NameKey_230018,32,,1,,,2,5000,,,,,1,1,,,,,,6,,,,59-111
230004,5,20,T_NewStore_NameKey_Guild_008,32,,1,,,31,1500,,,,,,,,,,,,,,,,59
230005,5,20,T_NewStore_NameKey_230005,2700101,,1,,,31,1500,,,,,,1,,,,,,6,,,,372-59
230006,5,20,T_NewStore_NameKey_230006,2700102,,1,,,31,1500,,,,,,1,,,,,,6,,,,372-59
230007,5,20,T_NewStore_NameKey_230007,42088,,1,,,31,800,,,,,,,,,,,,3,Selectable,1,,372-59
230008,5,20,T_NewStore_NameKey_230008,903,,1,,,31,1500,,,,,,,,,,,,6,Selectable,1,,372-59
230009,5,20,T_NewStore_NameKey_230009,41036,,1,,,31,1500,,,,,,,,,,,,8,Selectable,1,,372-59
230010,5,20,T_NewStore_NameKey_230010,300189,,1,,,31,500,,,,,,1,,,,,,4,,,,372-59
230011,5,20,T_NewStore_NameKey_230011,300190,,1,,,31,500,,,,,,1,,,,,,4,,,,372-59
230012,5,20,T_NewStore_NameKey_230012,300191,,1,,,31,500,,,,,,1,,,,,,4,,,,372-59
230013,5,20,T_NewStore_NameKey_230013,300192,,1,,,31,500,,,,,,1,,,,,,4,,,,372-59
230014,5,20,T_NewStore_NameKey_230014,150114,,50,,,31,200,,,,,,,,,,,,4,,,,372-59
230015,5,20,T_NewStore_NameKey_230015,150115,,50,,,31,200,,,,,,,,,,,,4,,,,372-59
230016,5,20,T_NewStore_NameKey_230016,150113,,50,,,31,1000,,,,,,,,,,,,8,,,,372-59
230017,5,20,T_NewStore_NameKey_230017,151027,,50,,,31,1000,,,,,,,,,,,,4,,,,372-59
230024,5,20,T_NewStore_NameKey_230024,200065,,65,,,31,500,,,,,,5,,,,,,3,,,,372-59-511
34,5,107,T_NewStore_NameKey_34,34,,1500,,,11,1000,,,,1,,2,,,,,,,,,,64
34_1,5,107,T_NewStore_NameKey_34_1,10,,100,,,34,3000,,,,,,,,,,,,,,,,64
H4001,5,107,T_NewStore_NameKey_H4001,H4001,,1,,,34,3000,,,,,,1,,,,,,,,,,64
H6001,5,107,T_NewStore_NameKey_H6001,H6001,,1,,,34,3000,,,,,,1,,,,,,,,,,64
H7001,5,107,T_NewStore_NameKey_H7001,H7001,,1,,,34,3000,,,,,,1,,,,,,,,,,64
H18001,5,107,T_NewStore_NameKey_H18001,H18001,,1,,,34,3000,,,,,,1,,,,,,,,,,64
H32001,5,107,T_NewStore_NameKey_H32001,H32001,,1,,,34,3000,,,,,,1,,,,,,,,,,64
H36001,5,107,T_NewStore_NameKey_H36001,H36001,,1,,,34,3000,,,,,,1,,,,,,,,,,381-64
H38001,5,107,T_NewStore_NameKey_H38001,H38001,,1,,,34,3000,,,,,,1,,,,,,,,,,383-64
FR030,5,107,T_NewStore_NameKey_FR030,FR030,,1,,,34,12000,,,,,,1,,,,,,,,,,64
FR031,5,107,T_NewStore_NameKey_FR031,FR031,,1,,,34,12000,,,,,,1,,,,,,,,,,64
FR032,5,107,T_NewStore_NameKey_FR032,FR032,,1,,,34,12000,,,,,,1,,,,,,,,,,64
FR033,5,107,T_NewStore_NameKey_FR033,FR033,,1,,,34,9000,,,,,,1,,,,,,,,,,64
FR034,5,107,T_NewStore_NameKey_FR034,FR034,,1,,,34,9000,,,,,,1,,,,,,,,,,64
FR035,5,107,T_NewStore_NameKey_FR035,FR035,,1,,,34,9000,,,,,,1,,,,,,,,,,64
FR036,5,107,T_NewStore_NameKey_FR036,FR036,,1,,,34,6000,,,,,,1,,,,,,,,,,64
FR037,5,107,T_NewStore_NameKey_FR037,FR037,,1,,,34,6000,,,,,,1,,,,,,,,,,64
FR038,5,107,T_NewStore_NameKey_FR038,FR038,,1,,,34,6000,,,,,,1,,,,,,,,,,64
BG001,5,107,T_NewStore_NameKey_BG001,BG001,,1,,,34,6000,,,,,,1,,,,,,,,,,64
BG002,5,107,T_NewStore_NameKey_BG002,BG002,,1,,,34,6000,,,,,,1,,,,,,,,,,64
BG003,5,107,T_NewStore_NameKey_BG003,BG003,,1,,,34,6000,,,,,,1,,,,,,,,,,64
BG004,5,107,T_NewStore_NameKey_BG004,BG004,,1,,,34,6000,,,,,,1,,,,,,,,,,64
BG005,5,107,T_NewStore_NameKey_BG005,BG005,,1,,,34,6000,,,,,,1,,,,,,,,,,64
BG006,5,107,T_NewStore_NameKey_BG006,BG006,,1,,,34,6000,,,,,,1,,,,,,,,,,64
BG007,5,107,T_NewStore_NameKey_BG007,BG007,,1,,,34,6000,,,,,,1,,,,,,,,,,64
BG008,5,107,T_NewStore_NameKey_BG008,BG008,,1,,,34,6000,,,,,,1,,,,,,,,,,64
BG009,5,107,T_NewStore_NameKey_BG009,BG009,,1,,,34,6000,,,,,,1,,,,,,,,,,64
BG010,5,107,T_NewStore_NameKey_BG010,BG010,,1,,,34,6000,,,,,,1,,,,,,,,,,64
BG011,5,107,T_NewStore_NameKey_BG011,BG011,,1,,,34,6000,,,,,,1,,,,,,,,,,64
BG012,5,107,T_NewStore_NameKey_BG012,BG012,,1,,,34,6000,,,,,,1,,,,,,,,,,64
BG013,5,107,T_NewStore_NameKey_BG013,BG013,,1,,,34,6000,,,,,,1,,,,,,,,,,64
BG014,5,107,T_NewStore_NameKey_BG014,BG014,,1,,,34,6000,,,,,,1,,,,,,,,,,64
BG015,5,107,T_NewStore_NameKey_BG015,BG015,,1,,,34,6000,,,,,,1,,,,,,,,,,64
BG016,5,107,T_NewStore_NameKey_BG016,BG016,,1,,,34,6000,,,,,,1,,,,,,,,,,64
BG018,5,107,T_NewStore_NameKey_BG018,BG018,,1,,,34,6000,,,,,,1,,,,,,,,,,64
BG020,5,107,T_NewStore_NameKey_BG020,BG020,,1,,,34,6000,,,,,,1,,,,,,,,,,64
BG021,5,107,T_NewStore_NameKey_BG021,BG021,,1,,,34,6000,,,,,,1,,,,,,,,,,64
BG022,5,107,T_NewStore_NameKey_BG022,BG022,,1,,,34,6000,,,,,,1,,,,,,,,,,64
BG023,5,107,T_NewStore_NameKey_BG023,BG023,,1,,,34,6000,,,,,,1,,,,,,,,,,64
BG024,5,107,T_NewStore_NameKey_BG024,BG024,,1,,,34,6000,,,,,,1,,,,,,,,,,64
BG025,5,107,T_NewStore_NameKey_BG025,BG025,,1,,,34,6000,,,,,,1,,,,,,,,,,64
220001,5,110,T_NewStore_NameKey_220001,330005,,1,,,30,8000,,,,,,1,,,,,,,,,,53-55-56-58
220002,5,110,T_NewStore_NameKey_220002,330006,,1,,,30,8000,,,,,,1,,,,,,,,,,53-55-56-58
220003,5,110,T_NewStore_NameKey_220003,998,,1,,,30,6000,,,,,,,,,,,,,Selectable,1,,53-56-58
220004,5,110,T_NewStore_NameKey_220004,350013,,50,,,30,250,,,,,,,,,,,,,,,,53-56-58
210012,5,111,T_NewStore_NameKey_210012,330004,,1,,,18,6500,,,,,,1,,,,,,,,,,12-55-56-58
210011,5,111,T_NewStore_NameKey_210011,330003,,1,,,18,4500,,,,,,1,,,,,,,,,,12-55-56-58
210009,5,111,T_NewStore_NameKey_210009,330001,,1,,,18,4500,,,,,,1,,,,,,,,,,12-55-56-58
210010,5,111,T_NewStore_NameKey_210010,330002,,1,,,18,4500,,,,,,1,,,,,,,,,,12-55-56-58
210016,5,111,T_NewStore_NameKey_210016,160013,,1,,,18,5000,,,,,,,,,,,,,,,,12
210017,5,111,T_NewStore_NameKey_210017,160014,,1,,,18,5000,,,,,,,,,,,,,,,,12
210018,5,111,T_NewStore_NameKey_210018,160015,,1,,,18,5000,,,,,,,,,,,,,,,,12
210013,5,111,T_NewStore_NameKey_210013,160010,,1,,,23,3000,,,,,,,,,,,,,,,,12
210014,5,111,T_NewStore_NameKey_210014,160011,,1,,,23,3000,,,,,,,,,,,,,,,,12
210015,5,111,T_NewStore_NameKey_210015,160012,,1,,,23,3000,,,,,,,,,,,,,,,,12
210001,5,111,T_NewStore_NameKey_GuildEvent_012,350005,,200,,,18,200,,,,,,,,,,,,,,,,12
210002,5,111,T_NewStore_NameKey_GuildEvent_013,350006,,100,,,18,200,,,,,,,,,,,,,,,,12
210003,5,111,T_NewStore_NameKey_GuildEvent_014,350007,,100,,,18,200,,,,,,,,,,,,,,,,12
210004,5,111,T_NewStore_NameKey_GuildEvent_015,350008,,100,,,18,200,,,,,,,,,,,,,,,,12
210005,5,111,T_NewStore_NameKey_GuildEvent_016,350009,,100,,,18,1000,,,,,,,,,,,,,,,,12
210006,5,111,T_NewStore_NameKey_GuildEvent_017,350010,,50,,,18,1000,,,,,,,,,,,,,,,,12
210007,5,111,T_NewStore_NameKey_GuildEvent_018,350011,,50,,,18,1000,,,,,,,,,,,,,,,,12
210008,5,111,T_NewStore_NameKey_GuildEvent_019,350012,,50,,,18,1000,,,,,,,,,,,,,,,,12
200107,5,121,T_NewStore_NameKey_200107,160016,,1,,,71,1600,,,,,,,,,,,,,,,,12
200108,5,121,T_NewStore_NameKey_200108,160017,,1,,,72,1600,,,,,,,,,,,,,,,,12
200109,5,121,T_NewStore_NameKey_200109,160018,,1,,,73,1600,,,,,,,,,,,,,,,,12
200080,5,121,T_NewStore_NameKey_200080,45025,,1,,,71,800,,,,,,,,,,,,,Selectable,1,,12
200081,5,121,T_NewStore_NameKey_200081,45026,,1,,,72,800,,,,,,,,,,,,,Selectable,1,,12
200082,5,121,T_NewStore_NameKey_200082,45027,,1,,,73,800,,,,,,,,,,,,,Selectable,1,,12
200085,5,121,T_NewStore_NameKey_200085,160001,,1,,,71,500,,,,,,,,,,,,,,,,12
200086,5,121,T_NewStore_NameKey_200086,160004,,1,,,71,500,,,,,,,,,,,,,,,,12
200087,5,121,T_NewStore_NameKey_200087,160007,,1,,,71,500,,,,,,,,,,,,,,,,12
200092,5,121,T_NewStore_NameKey_200092,160002,,1,,,72,500,,,,,,,,,,,,,,,,12
200093,5,121,T_NewStore_NameKey_200093,160005,,1,,,72,500,,,,,,,,,,,,,,,,12
200094,5,121,T_NewStore_NameKey_200094,160008,,1,,,72,500,,,,,,,,,,,,,,,,12
200100,5,121,T_NewStore_NameKey_200100,160003,,1,,,73,500,,,,,,,,,,,,,,,,12
200101,5,121,T_NewStore_NameKey_200101,160006,,1,,,73,500,,,,,,,,,,,,,,,,12
200102,5,121,T_NewStore_NameKey_200102,160009,,1,,,73,500,,,,,,,,,,,,,,,,12
200134,5,201,T_NewStore_NameKey_200134,934,,1,,,10,12000,,,,,,5,,,,,,,Selectable,1,,270
200135,5,201,T_NewStore_NameKey_200135,935,,1,,,10,1000,,,,,,4,,,,,,,Selectable,1,,270
200136,5,201,T_NewStore_NameKey_200136,45013,,1,,,10,20000,,,,,,,,,,,,,Selectable,1,,270
200137,5,201,T_NewStore_NameKey_200137,45012,,1,,,10,10000,,,,,,,,,,,,,Selectable,1,,270
200138,5,201,T_NewStore_NameKey_200138,821,,1,,,10,3000,,,,,,,,,,,,,Selectable,1,,270
200024,5,201,T_NewStore_NameKey_122,1,,300,,,10,300,,,,,,,,,,,,,,,,270-276
200010,5,201,T_NewStore_NameKey_118,350004,,6,,,10,900,,,,,,,,,,,,,,,,270
200059,5,201,T_NewStore_NameKey_GuildEvent_012,350005,,200,,,10,200,,,,,,,,,,,,,,,,12-270
200060,5,201,T_NewStore_NameKey_GuildEvent_013,350006,,100,,,10,200,,,,,,,,,,,,,,,,12-270
200061,5,201,T_NewStore_NameKey_GuildEvent_014,350007,,100,,,10,200,,,,,,,,,,,,,,,,12-270
200062,5,201,T_NewStore_NameKey_GuildEvent_015,350008,,100,,,10,200,,,,,,,,,,,,,,,,12-270
200063,5,201,T_NewStore_NameKey_GuildEvent_016,350009,,100,,,10,1000,,,,,,,,,,,,,,,,12-270
200064,5,201,T_NewStore_NameKey_GuildEvent_017,350010,,50,,,10,1000,,,,,,,,,,,,,,,,12-270
200065,5,201,T_NewStore_NameKey_GuildEvent_018,350011,,50,,,10,1000,,,,,,,,,,,,,,,,12-270
200066,5,201,T_NewStore_NameKey_GuildEvent_019,350012,,50,,,10,1000,,,,,,,,,,,,,,,,12-270
200011,5,201,T_NewStore_NameKey_119,350001,,6,,,10,900,,,,,,,,,,,,,,,,270
200012,5,201,T_NewStore_NameKey_120,350002,,6,,,10,600,,,,,,,,,,,,,,,,270
200013,5,201,T_NewStore_NameKey_121,350003,,6,,,10,300,,,,,,,,,,,,,,,,270
400001,7,,T_NewStore_NameKey_400001,,,,,,11,760,,,,,,,,,,,,,,,,274
400002,7,,T_NewStore_NameKey_400002,,,,,,11,1000,,,,,,,,,,,,,,,,275
400003,8,,T_NewStore_NameKey_400003,350101,,1,,,11,1140,,,,,,,,,,,,,,,,284
400004,8,,T_NewStore_NameKey_400004,350101,,1,,,11,1125,,,,,,,,,,,,,,,,285
400005,6,,T_NewStore_NameKey_400005,,,,,,2,2000,,,,,,,,,,,,,,,,
400008,10,,T_NewStore_NameKey_400008,350201,,1,,,11,3750,,,,,,,,,,,,,,,,292-108
400009,10,,T_NewStore_NameKey_400009,350202,,1,,,11,3750,,,,,,,,,,,,,,,,293-108
400010,10,,T_NewStore_NameKey_400010,350203,,1,,,11,3750,,,,,,,,,,,,,,,,294-108
400011,10,,T_NewStore_NameKey_400011,350204,,1,,,11,3750,,,,,,,,,,,,,,,,310-108
400012,10,,T_NewStore_NameKey_400012,350205,,1,,,11,3750,,,,,,,,,,,,,,,,311-108
400013,10,,T_NewStore_NameKey_400013,350206,,1,,,11,3750,,,,,,,,,,,,,,,,312-108
400014,10,,T_NewStore_NameKey_400014,350207,,1,,,11,3750,,,,,,,,,,,,,,,,313-108
400015,10,,T_NewStore_NameKey_400015,350208,,1,,,11,3750,,,,,,,,,,,,,,,,314-108
400016,10,,T_NewStore_NameKey_400016,350209,,1,,,11,3750,,,,,,,,,,,,,,,,315-108
400017,10,,T_NewStore_NameKey_400017,350210,,1,,,11,3750,,,,,,,,,,,,,,,,316-108
400018,10,,T_NewStore_NameKey_400018,350211,,1,,,11,3750,,,,,,,,,,,,,,,,317-108
400019,10,,T_NewStore_NameKey_400019,350212,,1,,,11,3750,,,,,,,,,,,,,,,,318-108
400020,10,,T_NewStore_NameKey_400020,350213,,1,,,11,3750,,,,,,,,,,,,,,,,321-108
400021,10,,T_NewStore_NameKey_400021,350214,,1,,,11,3750,,,,,,,,,,,,,,,,322-108
400022,10,,T_NewStore_NameKey_400022,350215,,1,,,11,3750,,,,,,,,,,,,,,,,323-108
400023,10,,T_NewStore_NameKey_400023,350216,,1,,,11,3750,,,,,,,,,,,,,,,,331-108
400024,10,,T_NewStore_NameKey_400024,350217,,1,,,11,3750,,,,,,,,,,,,,,,,334-108
400025,10,,T_NewStore_NameKey_400025,350218,,1,,,11,3750,,,,,,,,,,,,,,,,338-108
400026,10,,T_NewStore_NameKey_400026,350219,,1,,,11,3750,,,,,,,,,,,,,,,,340-108
400027,10,,T_NewStore_NameKey_400027,350220,,1,,,11,3750,,,,,,,,,,,,,,,,342-108
400028,10,,T_NewStore_NameKey_400028,350221,,1,,,11,3750,,,,,,,,,,,,,,,,344-108
400029,10,,T_NewStore_NameKey_400029,350222,,1,,,11,3750,,,,,,,,,,,,,,,,346-108
400030,10,,T_NewStore_NameKey_400030,350290,,1,,,11,3750,,,,,,,,,,,,,,,,348-108
400031,10,,T_NewStore_NameKey_400031,350291,,1,,,11,3750,,,,,,,,,,,,,,,,501-108
400032,10,,T_NewStore_NameKey_400032,350223,,1,,,11,3750,,,,,,,,,,,,,,,,503-108
400033,10,,T_NewStore_NameKey_400033,350224,,1,,,11,3750,,,,,,,,,,,,,,,,505-108
400034,10,,T_NewStore_NameKey_400034,350225,,1,,,11,3750,,,,,,,,,,,,,,,,507-108
400035,10,,T_NewStore_NameKey_400035,350226,,1,,,11,3750,,,,,,,,,,,,,,,,509-108
400036,10,,T_NewStore_NameKey_400036,350227,,1,,,11,3750,,,,,,,,,,,,,,,,511-108-59
400037,10,,T_NewStore_NameKey_400037,350228,,1,,,11,3750,,,,,,,,,,,,,,,,513-108
400038,10,,T_NewStore_NameKey_400038,350229,,1,,,11,3750,,,,,,,,,,,,,,,,515-108
400039,10,,T_NewStore_NameKey_400039,350230,,1,,,11,3750,,,,,,,,,,,,,,,,517-108
400040,10,,T_NewStore_NameKey_400040,350231,,1,,,11,3750,,,,,,,,,,,,,,,,519-108
400041,10,,T_NewStore_NameKey_400041,350232,,1,,,11,3750,,,,,,,,,,,,,,,,521-108
400042,10,,T_NewStore_NameKey_400042,350233,,1,,,11,3750,,,,,,,,,,,,,,,,523-108
400043,10,,T_NewStore_NameKey_400043,350234,,1,,,11,3750,,,,,,,,,,,,,,,,525-108
400044,10,,T_NewStore_NameKey_400044,350235,,1,,,11,3750,,,,,,,,,,,,,,,,527-108
400045,10,,T_NewStore_NameKey_400045,350236,,1,,,11,3750,,,,,,,,,,,,,,,,529-108
400046,10,,T_NewStore_NameKey_400046,350237,,1,,,11,3750,,,,,,,,,,,,,,,,531-108
400047,10,,T_NewStore_NameKey_400047,350238,,1,,,11,3750,,,,,,,,,,,,,,,,533-108
400048,10,,T_NewStore_NameKey_400048,350239,,1,,,11,3750,,,,,,,,,,,,,,,,535-108
400049,10,,T_NewStore_NameKey_400049,350240,,1,,,11,3750,,,,,,,,,,,,,,,,537-108
400050,10,,T_NewStore_NameKey_400050,350241,,1,,,11,3750,,,,,,,,,,,,,,,,539-108
400051,10,,T_NewStore_NameKey_400051,350242,,1,,,11,3750,,,,,,,,,,,,,,,,541-108
500001,11,11,T_NewStore_NameKey_500001,350102,,1,,,11,380,,,,,,,,,,,,,,,,320
500002,11,11,T_NewStore_NameKey_500002,350104,,1,,,,,,,,,,,,,,,,,,,,320
500003,11,12,T_NewStore_NameKey_500003,350103,,1,,,11,760,,,,,,,,,,,,,,,,320
500004,11,12,T_NewStore_NameKey_500004,350105,,1,,,,,,,,,,,,,,,,,,,,320
500005,11,11,T_NewStore_NameKey_500005,350102,,1,,,11,500,,,,,,,,,,,,,,,,319
500006,11,11,T_NewStore_NameKey_500006,350104,,1,,,,,,,,,,,,,,,,,,,,319
500007,11,12,T_NewStore_NameKey_500007,350103,,1,,,11,1000,,,,,,,,,,,,,,,,319
500008,11,12,T_NewStore_NameKey_500008,350105,,1,,,,,,,,,,,,,,,,,,,,319
3001,30,,T_NewStore_NameKey_3001,831,,1,,,1,,,,,,,1,,,,,1,,,,,59
3002,30,,T_NewStore_NameKey_3002,935,,1,,832,2,150,,,,,,1,,,,,,1,Selectable,1,,59
3003,30,,T_NewStore_NameKey_3003,833,,1,,,2,450,,,,,,1,,,,,,2,,,,59
3004,30,,T_NewStore_NameKey_3004,834,,1,,,2,1000,,,,,,1,,,,,,3,,,,59
3005,30,,T_NewStore_NameKey_3005,835,,1,,,2,1500,,,,,,1,,,,,,4,,,,59
3006,30,,T_NewStore_NameKey_3006,836,,1,,,2,2500,,,,,,1,,,,,,5,,,,59
3007,30,,T_NewStore_NameKey_3007,934,,1,,837,2,3000,,,,,,1,,,,,,6,Selectable,1,,59
3008,30,,T_NewStore_NameKey_3008,838,,1,,,2,3500,,,,,,1,,,,,,7,,,,59
3009,30,,T_NewStore_NameKey_3009,839,,1,,,2,4000,,,,,,1,,,,,,8,,,,59
3010,30,,T_NewStore_NameKey_3010,840,,1,,,2,5000,,,,,,1,,,,,,9,,,,59
3011,30,,T_NewStore_NameKey_3011,971,,1,,841,2,6000,,,,,,1,,,,,,10,Selectable,1,,59
3012,30,,T_NewStore_NameKey_3012,957-42037-45017-45019-850,,1,,852,2,6000,,,,,,1,,,,,,11,Selectable,1+0&1+1&1+0&1+0&1+0,,59-62
3013,30,,T_NewStore_NameKey_3013,957-942-45017-45019-850,,1,,853,2,6500,,,,,,1,,,,,,12,Selectable,1+0&1+1&1+0&1+0&1+0,,59-62
3014,30,,T_NewStore_NameKey_3014,45017-45019-850,,1,,854,2,7000,,,,,,1,,,,,,13,Selectable,1+0&1+0&1+0,,59-62
3015,30,,T_NewStore_NameKey_3015,957-42037-942-45017-45019-850,,1,,855,2,8000,,,,,,1,,,,,,14,Selectable,1+0&2+1&2+1&1+0&1+0&1+0,,59-62
3016,30,,T_NewStore_NameKey_3016,971-957-42037-942-45017-45019-850,,1,,856,2,9000,,,,,,1,,,,,,15,Selectable,1+0&2+0&3+1&3+1&1+0&1+0&1+0,,59-62
FST001,40,FE001,T_NewStore_NameKey_FST001,FG001,,50,,,2,6000,,,,,,2,,,,,,,,,,62
FST002,40,FE001,T_NewStore_NameKey_FST002,FG002,,50,,,2,6000,,,,,,2,,,,,,,,,,62
FST003,40,FE001,T_NewStore_NameKey_FST003,FG003,,50,,,2,6000,,,,,,2,,,,,,,,,,62
FST004,40,FE001,T_NewStore_NameKey_FST004,FG004,,50,,,2,6000,,,,,,2,,,,,,,,,,62
FST006,40,FE001,T_NewStore_NameKey_FST006,FG006,,50,,,2,6000,,,,,,2,,,,,,,,,,62-1001
FST007,40,FE001,T_NewStore_NameKey_FST007,FG007,,50,,,2,6000,,,,,,2,,,,,,,,,,62-1002
FC0011,41,FE001,T_NewStore_NameKey_FC0011,FC0011,,1,,,11,1000,Icon/Images09_Activity/Prefabs/Activity_GiftImg_Equip_E017,,,,,1,,,,,,,,,,62
FC0012,41,FE001,T_NewStore_NameKey_FC0012,FC0012,,1,,,11,2000,Icon/Images09_Activity/Prefabs/Activity_GiftImg_Equip_E017,FC0011,,,,1,,,,,,,,,,62
FC0013,41,FE001,T_NewStore_NameKey_FC0013,FC0013,,1,,,11,3000,Icon/Images09_Activity/Prefabs/Activity_GiftImg_Equip_E017,FC0012,,,,1,,,,,,,,,,62
FC0014,41,FE001,T_NewStore_NameKey_FC0014,FC0014,,1,,,11,4000,Icon/Images09_Activity/Prefabs/Activity_GiftImg_Equip_E017,FC0013,,,,1,,,,,,,,,,62
FC0021,41,FE002,T_NewStore_NameKey_FC0011,FC0021,,1,,,11,1000,Icon/Images09_Activity/Prefabs/Activity_GiftImg_Equip_E003,,,,,1,,,,,,,,,,62
FC0022,41,FE002,T_NewStore_NameKey_FC0012,FC0022,,1,,,11,2000,Icon/Images09_Activity/Prefabs/Activity_GiftImg_Equip_E003,FC0021,,,,1,,,,,,,,,,62
FC0023,41,FE002,T_NewStore_NameKey_FC0013,FC0023,,1,,,11,3000,Icon/Images09_Activity/Prefabs/Activity_GiftImg_Equip_E003,FC0022,,,,1,,,,,,,,,,62
FC0024,41,FE002,T_NewStore_NameKey_FC0014,FC0024,,1,,,11,4000,Icon/Images09_Activity/Prefabs/Activity_GiftImg_Equip_E003,FC0023,,,,1,,,,,,,,,,62
FC0031,41,FE003,T_NewStore_NameKey_FC0011,FC0031,,1,,,11,1000,Icon/Images09_Activity/Prefabs/Activity_GiftImg_Equip_E000,,,,,1,,,,,,,,,,62
FC0032,41,FE003,T_NewStore_NameKey_FC0012,FC0032,,1,,,11,2000,Icon/Images09_Activity/Prefabs/Activity_GiftImg_Equip_E000,FC0031,,,,1,,,,,,,,,,62
FC0033,41,FE003,T_NewStore_NameKey_FC0013,FC0033,,1,,,11,3000,Icon/Images09_Activity/Prefabs/Activity_GiftImg_Equip_E000,FC0032,,,,1,,,,,,,,,,62
FC0034,41,FE003,T_NewStore_NameKey_FC0014,FC0034,,1,,,11,4000,Icon/Images09_Activity/Prefabs/Activity_GiftImg_Equip_E000,FC0033,,,,1,,,,,,,,,,62
FC0042,41,FE004,T_NewStore_NameKey_FC0012,FC0042,,1,,,11,2000,Icon/Images09_Activity/Prefabs/Activity_GiftImg_Equip_E002,,,,,1,,,,,,,,,,62
FC0043,41,FE004,T_NewStore_NameKey_FC0013,FC0043,,1,,,11,3000,Icon/Images09_Activity/Prefabs/Activity_GiftImg_Equip_E002,FC0042,,,,1,,,,,,,,,,62
FC0044,41,FE004,T_NewStore_NameKey_FC0014,FC0044,,1,,,11,4000,Icon/Images09_Activity/Prefabs/Activity_GiftImg_Equip_E002,FC0043,,,,1,,,,,,,,,,62
FC0061,41,FE006,T_NewStore_NameKey_FC0011,FC0061,,1,,,11,1000,Icon/Images09_Activity/Prefabs/Activity_GiftImg_Equip_E008,,,,,1,,,,,,,,,,62-1001
FC0062,41,FE006,T_NewStore_NameKey_FC0012,FC0062,,1,,,11,2000,Icon/Images09_Activity/Prefabs/Activity_GiftImg_Equip_E008,FC0061,,,,1,,,,,,,,,,62-1001
FC0063,41,FE006,T_NewStore_NameKey_FC0013,FC0063,,1,,,11,3000,Icon/Images09_Activity/Prefabs/Activity_GiftImg_Equip_E008,FC0062,,,,1,,,,,,,,,,62-1001
FC0064,41,FE006,T_NewStore_NameKey_FC0014,FC0064,,1,,,11,4000,Icon/Images09_Activity/Prefabs/Activity_GiftImg_Equip_E008,FC0063,,,,1,,,,,,,,,,62-1001
FC0071,41,FE007,T_NewStore_NameKey_FC0011,FC0071,,1,,,11,1000,Icon/Images09_Activity/Prefabs/Activity_GiftImg_Equip_E010,,,,,1,,,,,,,,,,62-1002
FC0072,41,FE007,T_NewStore_NameKey_FC0012,FC0072,,1,,,11,2000,Icon/Images09_Activity/Prefabs/Activity_GiftImg_Equip_E010,FC0071,,,,1,,,,,,,,,,62-1002
FC0073,41,FE007,T_NewStore_NameKey_FC0013,FC0073,,1,,,11,3000,Icon/Images09_Activity/Prefabs/Activity_GiftImg_Equip_E010,FC0072,,,,1,,,,,,,,,,62-1002
FC0074,41,FE007,T_NewStore_NameKey_FC0014,FC0074,,1,,,11,4000,Icon/Images09_Activity/Prefabs/Activity_GiftImg_Equip_E010,FC0073,,,,1,,,,,,,,,,62-1002
FC0081,41,FE008,T_NewStore_NameKey_FC0011,FC0081,,1,,,11,500,Icon/Images09_Activity/Prefabs/Activity_GiftImg_Equip_E011,,,,,1,,,,,,,,,,62-1003
FC0082,41,FE008,T_NewStore_NameKey_FC0012,FC0082,,1,,,11,2000,Icon/Images09_Activity/Prefabs/Activity_GiftImg_Equip_E011,FC0081,,,,1,,,,,,,,,,62-1003
FC0083,41,FE008,T_NewStore_NameKey_FC0013,FC0083,,1,,,11,3000,Icon/Images09_Activity/Prefabs/Activity_GiftImg_Equip_E011,FC0082,,,,1,,,,,,,,,,62-1003
FC0084,41,FE008,T_NewStore_NameKey_FC0014,FC0084,,1,,,11,4000,Icon/Images09_Activity/Prefabs/Activity_GiftImg_Equip_E011,FC0083,,,,1,,,,,,,,,,62-1003
FC0091,41,FE009,T_NewStore_NameKey_FC0011,FC0091,,1,,,11,500,Icon/Images09_Activity/Prefabs/Activity_GiftImg_Equip_E016,,,,,1,,,,,,,,,,62-1004
FC0092,41,FE009,T_NewStore_NameKey_FC0012,FC0092,,1,,,11,2000,Icon/Images09_Activity/Prefabs/Activity_GiftImg_Equip_E016,FC0091,,,,1,,,,,,,,,,62-1004
FC0093,41,FE009,T_NewStore_NameKey_FC0013,FC0093,,1,,,11,3000,Icon/Images09_Activity/Prefabs/Activity_GiftImg_Equip_E016,FC0092,,,,1,,,,,,,,,,62-1004
FC0094,41,FE009,T_NewStore_NameKey_FC0014,FC0094,,1,,,11,4000,Icon/Images09_Activity/Prefabs/Activity_GiftImg_Equip_E016,FC0093,,,,1,,,,,,,,,,62-1004
FC0101,41,FE010,T_NewStore_NameKey_FC0011,FC0101,,1,,,11,500,Icon/Images09_Activity/Prefabs/Activity_GiftImg_Equip_E004,,,,,1,,,,,,,,,,62-1005
FC0102,41,FE010,T_NewStore_NameKey_FC0012,FC0102,,1,,,11,2000,Icon/Images09_Activity/Prefabs/Activity_GiftImg_Equip_E004,FC0101,,,,1,,,,,,,,,,62-1005
FC0103,41,FE010,T_NewStore_NameKey_FC0013,FC0103,,1,,,11,3000,Icon/Images09_Activity/Prefabs/Activity_GiftImg_Equip_E004,FC0102,,,,1,,,,,,,,,,62-1005
FC0104,41,FE010,T_NewStore_NameKey_FC0014,FC0104,,1,,,11,4000,Icon/Images09_Activity/Prefabs/Activity_GiftImg_Equip_E004,FC0103,,,,1,,,,,,,,,,62-1005
FC0111,41,FE011,T_NewStore_NameKey_FC0011,FC0111,,1,,,11,500,Icon/Images09_Activity/Prefabs/Activity_GiftImg_Equip_E009,,,,,1,,,,,,,,,,62-1006
FC0112,41,FE011,T_NewStore_NameKey_FC0012,FC0112,,1,,,11,2000,Icon/Images09_Activity/Prefabs/Activity_GiftImg_Equip_E009,FC0111,,,,1,,,,,,,,,,62-1006
FC0113,41,FE011,T_NewStore_NameKey_FC0013,FC0113,,1,,,11,3000,Icon/Images09_Activity/Prefabs/Activity_GiftImg_Equip_E009,FC0112,,,,1,,,,,,,,,,62-1006
FC0114,41,FE011,T_NewStore_NameKey_FC0014,FC0114,,1,,,11,4000,Icon/Images09_Activity/Prefabs/Activity_GiftImg_Equip_E009,FC0113,,,,1,,,,,,,,,,62-1006
FC0121,41,FE012,T_NewStore_NameKey_FC0011,FC0121,,1,,,11,500,Icon/Images09_Activity/Prefabs/Activity_GiftImg_Equip_E015,,,,,1,,,,,,,,,,62-1007
FC0122,41,FE012,T_NewStore_NameKey_FC0012,FC0122,,1,,,11,2000,Icon/Images09_Activity/Prefabs/Activity_GiftImg_Equip_E015,FC0121,,,,1,,,,,,,,,,62-1007
FC0123,41,FE012,T_NewStore_NameKey_FC0013,FC0123,,1,,,11,3000,Icon/Images09_Activity/Prefabs/Activity_GiftImg_Equip_E015,FC0122,,,,1,,,,,,,,,,62-1007
FC0124,41,FE012,T_NewStore_NameKey_FC0014,FC0124,,1,,,11,4000,Icon/Images09_Activity/Prefabs/Activity_GiftImg_Equip_E015,FC0123,,,,1,,,,,,,,,,62-1007
FC0131,41,FE013,T_NewStore_NameKey_FC0011,FC0131,,1,,,11,500,Icon/Images09_Activity/Prefabs/Activity_GiftImg_Equip_E014,,,,,1,,,,,,,,,,62-1008
FC0132,41,FE013,T_NewStore_NameKey_FC0012,FC0132,,1,,,11,2000,Icon/Images09_Activity/Prefabs/Activity_GiftImg_Equip_E014,FC0131,,,,1,,,,,,,,,,62-1008
FC0133,41,FE013,T_NewStore_NameKey_FC0013,FC0133,,1,,,11,3000,Icon/Images09_Activity/Prefabs/Activity_GiftImg_Equip_E014,FC0132,,,,1,,,,,,,,,,62-1008
FC0134,41,FE013,T_NewStore_NameKey_FC0014,FC0134,,1,,,11,4000,Icon/Images09_Activity/Prefabs/Activity_GiftImg_Equip_E014,FC0133,,,,1,,,,,,,,,,62-1008
FC0141,41,FE014,T_NewStore_NameKey_FC0011,FC0141,,1,,,11,500,Icon/Images09_Activity/Prefabs/Activity_GiftImg_Equip_E007,,,,,1,,,,,,,,,,62-1009
FC0142,41,FE014,T_NewStore_NameKey_FC0012,FC0142,,1,,,11,2000,Icon/Images09_Activity/Prefabs/Activity_GiftImg_Equip_E007,FC0141,,,,1,,,,,,,,,,62-1009
FC0143,41,FE014,T_NewStore_NameKey_FC0013,FC0143,,1,,,11,3000,Icon/Images09_Activity/Prefabs/Activity_GiftImg_Equip_E007,FC0142,,,,1,,,,,,,,,,62-1009
FC0144,41,FE014,T_NewStore_NameKey_FC0014,FC0144,,1,,,11,4000,Icon/Images09_Activity/Prefabs/Activity_GiftImg_Equip_E007,FC0143,,,,1,,,,,,,,,,62-1009
FC0151,41,FE015,T_NewStore_NameKey_FC0011,FC0151,,1,,,11,500,Icon/Images09_Activity/Prefabs/Activity_GiftImg_Equip_E013,,,,,1,,,,,,,,,,62-1010
FC0152,41,FE015,T_NewStore_NameKey_FC0012,FC0152,,1,,,11,2000,Icon/Images09_Activity/Prefabs/Activity_GiftImg_Equip_E013,FC0151,,,,1,,,,,,,,,,62-1010
FC0153,41,FE015,T_NewStore_NameKey_FC0013,FC0153,,1,,,11,3000,Icon/Images09_Activity/Prefabs/Activity_GiftImg_Equip_E013,FC0152,,,,1,,,,,,,,,,62-1010
FC0154,41,FE015,T_NewStore_NameKey_FC0014,FC0154,,1,,,11,4000,Icon/Images09_Activity/Prefabs/Activity_GiftImg_Equip_E013,FC0153,,,,1,,,,,,,,,,62-1010
FC0161,41,FE016,T_NewStore_NameKey_FC0011,FC0161,,1,,,11,500,Icon/Images09_Activity/Prefabs/Activity_GiftImg_Equip_E012,,,,,1,,,,,,,,,,62-1011
FC0162,41,FE016,T_NewStore_NameKey_FC0012,FC0162,,1,,,11,2000,Icon/Images09_Activity/Prefabs/Activity_GiftImg_Equip_E012,FC0161,,,,1,,,,,,,,,,62-1011
FC0163,41,FE016,T_NewStore_NameKey_FC0013,FC0163,,1,,,11,3000,Icon/Images09_Activity/Prefabs/Activity_GiftImg_Equip_E012,FC0162,,,,1,,,,,,,,,,62-1011
FC0164,41,FE016,T_NewStore_NameKey_FC0014,FC0164,,1,,,11,4000,Icon/Images09_Activity/Prefabs/Activity_GiftImg_Equip_E012,FC0163,,,,1,,,,,,,,,,62-1011
