ID,SkillID,Index,PreIndex,PetClassNeed,FriendValueNeed,PetFractionCost,MoneyCost,LightCost,DarkCost,FireCost,IceCost,WindCost,ThunderCost,RainbowCost,AutoLearn
1,101001,1,,,,,,,,,,,,,1
1,101002,2,,,,,500,,,,,,,,
1,101003,3,,,,,500,,,,,,,,
1,101004,4,,,,,500,,,,,,,,
1,101005,5,1,,,,1000,,,,,,,,
1,101006,6,3,,,,1000,,,,,,,,
1,101007,7,4,,,,500,,,,,,,,
1,101008,8,5,,40,15,800,,,,,,,1,
1,101009,9,5,,40,15,800,,,,,,,1,
1,101010,10,2,,40,15,2000,,,,,,,3,
1,101011,11,6,,40,15,800,,,,,,,1,
1,101012,12,6,,40,15,800,,,,,,,1,
1,101013,13,7,,40,15,2000,,,,,,,3,
1,101014,14,9,,70,17,900,,,,,,,2,
1,101015,15,10,,70,17,2000,,,,,,,5,
1,101016,16,10,,70,17,900,,,,,,,2,
1,101017,17,11,,70,17,2000,,,,,,,5,
1,101018,18,13,,70,17,900,,,,,,,2,
1,101019,19,13,,70,17,900,,,,,,,2,
1,101020,20,8,,70,17,2000,,,,,,,5,
1,201001,21,20,4,120,15,3000,,,,,,,2,
1,201002,22,20,4,120,15,3000,,,,,,,2,
1,201003,23,14,4,120,15,3000,,,,,,,2,
1,201004,24,15,4,120,15,3000,,,,,,,2,
1,201005,25,15,4,120,15,3000,,,,,,,2,
1,201006,26,16,4,120,15,3000,,,,,,,2,
1,201007,27,17,4,120,15,3000,,,,,,,2,
1,201008,28,17,4,120,15,3000,,,,,,,2,
1,201009,29,18,4,120,15,6000,,,,,,,3,
1,201010,30,19,4,120,15,3000,,,,,,,2,
1,201011,31,21,4,120,15,6000,,,,,,,3,
1,201012,32,23,4,120,15,6000,,,,,,,3,
1,201013,33,24,4,120,15,3000,,,,,,,2,
1,201014,34,26,4,120,15,6000,,,,,,,3,
1,201015,35,31,4,250,23,5000,,,,,,,3,
1,201016,36,31,4,250,23,5000,,,,,,,3,
1,201017,37,22,4,250,23,10000,,,,,,,6,
1,201018,38,32,4,250,23,5000,,,,,,,3,
1,201019,39,32,4,250,23,5000,,,,,,,3,
1,201020,40,33,4,250,23,10000,,,,,,,6,
1,201021,41,25,4,250,23,10000,,,,,,,6,
1,201022,42,34,4,250,23,5000,,,,,,,3,
1,201023,43,34,4,250,23,5000,,,,,,,3,
1,201024,44,28,4,250,23,10000,,,,,,,6,
1,201025,45,29,4,250,23,5000,,,,,,,3,
1,201026,46,29,4,250,23,5000,,,,,,,3,
1,201027,47,37,4,400,25,6000,,,,,,,3,
1,201028,48,37,4,400,25,6000,,,,,,,3,
1,201029,49,38,4,400,25,15000,,,,,,,8,
1,201030,50,39,4,400,25,15000,,,,,,,8,
1,201031,51,40,4,400,25,6000,,,,,,,3,
1,201032,52,40,4,400,25,6000,,,,,,,3,
1,201033,53,41,4,400,25,6000,,,,,,,3,
1,201034,54,41,4,400,25,6000,,,,,,,3,
1,201035,55,43,4,400,25,15000,,,,,,,8,
1,201036,56,44,4,400,25,6000,,,,,,,3,
1,201037,57,44,4,400,25,6000,,,,,,,3,
1,201038,58,45,4,400,25,15000,,,,,,,8,
1,201039,59,46,4,400,25,15000,,,,,,,8,
1,201040,60,35,4,400,25,15000,,,,,,,8,
1,301001,61,60,7,560,40,6000,,,,,,,10,
1,301002,62,47,7,560,40,12000,,,,,,,10,
1,301003,63,49,7,560,40,6000,,,,,,,10,
1,301004,64,49,7,560,40,6000,,,,,,,10,
1,301005,65,50,7,560,40,6000,,,,,,,10,
1,301006,66,50,7,560,40,12000,,,,,,,10,
1,301007,67,55,7,560,40,6000,,,,,,,10,
1,301008,68,55,7,560,40,6000,,,,,,,10,
1,301009,69,56,7,560,40,12000,,,,,,,10,
1,301010,70,58,7,560,40,6000,,,,,,,10,
1,301011,71,58,7,560,40,6000,,,,,,,10,
1,301012,72,59,7,560,40,6000,,,,,,,10,
1,301013,73,59,7,560,40,6000,,,,,,,10,
1,301014,74,60,7,560,40,12000,,,,,,,10,
1,301015,75,61,7,690,60,20000,,,,,,,20,
1,301016,76,62,7,690,60,10000,,,,,,,10,
1,301017,77,62,7,690,60,10000,,,,,,,10,
1,301018,78,66,7,690,60,10000,,,,,,,10,
1,301019,79,66,7,690,60,10000,,,,,,,10,
1,301020,80,67,7,690,60,20000,,,,,,,20,
1,301021,81,69,7,690,60,10000,,,,,,,10,
1,301022,82,69,7,690,60,10000,,,,,,,10,
1,301023,83,71,7,690,60,20000,,,,,,,20,
1,301024,84,72,7,690,60,20000,,,,,,,20,
1,301025,85,74,7,690,60,10000,,,,,,,10,
1,301026,86,74,7,690,60,10000,,,,,,,10,
1,301027,87,75,7,820,67,12000,,,,,,,10,
1,301028,88,75,7,820,67,12000,,,,,,,10,
1,301029,89,77,7,820,67,29000,,,,,,,30,
1,301030,90,78,7,820,67,12000,,,,,,,10,
1,301031,91,79,7,820,67,29000,,,,,,,30,
1,301032,92,80,7,820,67,12000,,,,,,,10,
1,301033,93,80,7,820,67,12000,,,,,,,10,
1,301034,94,81,7,820,67,29000,,,,,,,30,
1,301035,95,82,7,820,67,12000,,,,,,,10,
1,301036,96,83,7,820,67,12000,,,,,,,10,
1,301037,97,83,7,820,67,12000,,,,,,,10,
1,301038,98,84,7,820,67,12000,,,,,,,10,
1,301039,99,84,7,820,67,12000,,,,,,,10,
1,301040,100,85,7,820,67,29000,,,,,,,30,
2,102001,1,,,,,,,,,,,,,1
2,102002,2,,,,,500,,,,,,,,
2,102003,3,,,,,500,,,,,,,,
2,102004,4,,,,,500,,,,,,,,
2,102005,5,1,,,,1000,,,,,,,,
2,102006,6,3,,,,1000,,,,,,,,
2,102007,7,4,,,,500,,,,,,,,
2,102008,8,5,,40,15,800,,,,,,,1,
2,102009,9,5,,40,15,800,,,,,,,1,
2,102010,10,2,,40,15,2000,,,,,,,3,
2,102011,11,6,,40,15,800,,,,,,,1,
2,102012,12,6,,40,15,800,,,,,,,1,
2,102013,13,7,,40,15,2000,,,,,,,3,
2,102014,14,9,,70,17,900,,,,,,,2,
2,102015,15,10,,70,17,2000,,,,,,,5,
2,102016,16,10,,70,17,900,,,,,,,2,
2,102017,17,11,,70,17,2000,,,,,,,5,
2,102018,18,13,,70,17,900,,,,,,,2,
2,102019,19,13,,70,17,900,,,,,,,2,
2,102020,20,8,,70,17,2000,,,,,,,5,
2,202001,21,20,4,120,15,3000,,,,,,,2,
2,202002,22,20,4,120,15,3000,,,,,,,2,
2,202003,23,14,4,120,15,3000,,,,,,,2,
2,202004,24,15,4,120,15,3000,,,,,,,2,
2,202005,25,15,4,120,15,3000,,,,,,,2,
2,202006,26,16,4,120,15,3000,,,,,,,2,
2,202007,27,17,4,120,15,3000,,,,,,,2,
2,202008,28,17,4,120,15,3000,,,,,,,2,
2,202009,29,18,4,120,15,6000,,,,,,,3,
2,202010,30,19,4,120,15,3000,,,,,,,2,
2,202011,31,21,4,120,15,6000,,,,,,,3,
2,202012,32,23,4,120,15,6000,,,,,,,3,
2,202013,33,24,4,120,15,3000,,,,,,,2,
2,202014,34,26,4,120,15,6000,,,,,,,3,
2,202015,35,31,4,250,23,5000,,,,,,,3,
2,202016,36,31,4,250,23,5000,,,,,,,3,
2,202017,37,22,4,250,23,10000,,,,,,,6,
2,202018,38,32,4,250,23,5000,,,,,,,3,
2,202019,39,32,4,250,23,5000,,,,,,,3,
2,202020,40,33,4,250,23,10000,,,,,,,6,
2,202021,41,25,4,250,23,10000,,,,,,,6,
2,202022,42,34,4,250,23,5000,,,,,,,3,
2,202023,43,34,4,250,23,5000,,,,,,,3,
2,202024,44,28,4,250,23,10000,,,,,,,6,
2,202025,45,29,4,250,23,5000,,,,,,,3,
2,202026,46,29,4,250,23,5000,,,,,,,3,
2,202027,47,37,4,400,25,6000,,,,,,,3,
2,202028,48,37,4,400,25,6000,,,,,,,3,
2,202029,49,38,4,400,25,15000,,,,,,,8,
2,202030,50,39,4,400,25,15000,,,,,,,8,
2,202031,51,40,4,400,25,6000,,,,,,,3,
2,202032,52,40,4,400,25,6000,,,,,,,3,
2,202033,53,41,4,400,25,6000,,,,,,,3,
2,202034,54,41,4,400,25,6000,,,,,,,3,
2,202035,55,43,4,400,25,15000,,,,,,,8,
2,202036,56,44,4,400,25,6000,,,,,,,3,
2,202037,57,44,4,400,25,6000,,,,,,,3,
2,202038,58,45,4,400,25,15000,,,,,,,8,
2,202039,59,46,4,400,25,15000,,,,,,,8,
2,202040,60,35,4,400,25,15000,,,,,,,8,
2,302001,61,60,7,560,40,6000,,,,,,,10,
2,302002,62,47,7,560,40,12000,,,,,,,10,
2,302003,63,49,7,560,40,6000,,,,,,,10,
2,302004,64,49,7,560,40,6000,,,,,,,10,
2,302005,65,50,7,560,40,6000,,,,,,,10,
2,302006,66,50,7,560,40,12000,,,,,,,10,
2,302007,67,55,7,560,40,6000,,,,,,,10,
2,302008,68,55,7,560,40,6000,,,,,,,10,
2,302009,69,56,7,560,40,12000,,,,,,,10,
2,302010,70,58,7,560,40,6000,,,,,,,10,
2,302011,71,58,7,560,40,6000,,,,,,,10,
2,302012,72,59,7,560,40,6000,,,,,,,10,
2,302013,73,59,7,560,40,6000,,,,,,,10,
2,302014,74,60,7,560,40,12000,,,,,,,10,
2,302015,75,61,7,690,60,20000,,,,,,,20,
2,302016,76,62,7,690,60,10000,,,,,,,10,
2,302017,77,62,7,690,60,10000,,,,,,,10,
2,302018,78,66,7,690,60,10000,,,,,,,10,
2,302019,79,66,7,690,60,10000,,,,,,,10,
2,302020,80,67,7,690,60,20000,,,,,,,20,
2,302021,81,69,7,690,60,10000,,,,,,,10,
2,302022,82,69,7,690,60,10000,,,,,,,10,
2,302023,83,71,7,690,60,20000,,,,,,,20,
2,302024,84,72,7,690,60,20000,,,,,,,20,
2,302025,85,74,7,690,60,10000,,,,,,,10,
2,302026,86,74,7,690,60,10000,,,,,,,10,
2,302027,87,75,7,820,67,12000,,,,,,,10,
2,302028,88,75,7,820,67,12000,,,,,,,10,
2,302029,89,77,7,820,67,29000,,,,,,,30,
2,302030,90,78,7,820,67,12000,,,,,,,10,
2,302031,91,79,7,820,67,29000,,,,,,,30,
2,302032,92,80,7,820,67,12000,,,,,,,10,
2,302033,93,80,7,820,67,12000,,,,,,,10,
2,302034,94,81,7,820,67,29000,,,,,,,30,
2,302035,95,82,7,820,67,12000,,,,,,,10,
2,302036,96,83,7,820,67,12000,,,,,,,10,
2,302037,97,83,7,820,67,12000,,,,,,,10,
2,302038,98,84,7,820,67,12000,,,,,,,10,
2,302039,99,84,7,820,67,12000,,,,,,,10,
2,302040,100,85,7,820,67,29000,,,,,,,30,
3,103001,1,,,,,,,,,,,,,1
3,103002,2,,,,,400,1,,,,,,,
3,103003,3,,,,,400,1,,,,,,,
3,103004,4,,,,,400,1,,,,,,,
3,103005,5,1,,,,900,3,,,,,,,
3,103006,6,3,,,,900,3,,,,,,,
3,103007,7,4,,,,400,1,,,,,,,
3,103008,8,5,,40,15,600,4,,,,,,,
3,103009,9,5,,40,15,600,4,,,,,,,
3,103010,10,2,,40,15,1000,8,,,,,,,
3,103011,11,6,,40,15,600,4,,,,,,,
3,103012,12,6,,40,15,600,4,,,,,,,
3,103013,13,7,,40,15,1000,8,,,,,,,
3,103014,14,9,,70,17,700,5,,,,,,,
3,103015,15,10,,70,17,2000,10,,,,,,,
3,103016,16,10,,70,17,700,5,,,,,,,
3,103017,17,11,,70,17,2000,10,,,,,,,
3,103018,18,13,,70,17,700,5,,,,,,,
3,103019,19,13,,70,17,700,5,,,,,,,
3,103020,20,8,,70,17,2000,10,,,,,,,
3,203001,21,20,4,120,15,3000,10,,,,,,,
3,203002,22,20,4,120,15,3000,10,,,,,,,
3,203003,23,14,4,120,15,3000,10,,,,,,,
3,203004,24,15,4,120,15,3000,10,,,,,,,
3,203005,25,15,4,120,15,3000,10,,,,,,,
3,203006,26,16,4,120,15,3000,10,,,,,,,
3,203007,27,17,4,120,15,3000,10,,,,,,,
3,203008,28,17,4,120,15,3000,10,,,,,,,
3,203009,29,18,4,120,15,5000,10,,,,,,,
3,203010,30,19,4,120,15,3000,10,,,,,,,
3,203011,31,21,4,120,15,5000,10,,,,,,,
3,203012,32,23,4,120,15,5000,10,,,,,,,
3,203013,33,24,4,120,15,3000,10,,,,,,,
3,203014,34,26,4,120,15,5000,10,,,,,,,
3,203015,35,31,4,250,23,4000,20,,,,,,,
3,203016,36,31,4,250,23,4000,20,,,,,,,
3,203017,37,22,4,250,23,8000,30,,,,,,,
3,203018,38,32,4,250,23,4000,20,,,,,,,
3,203019,39,32,4,250,23,4000,20,,,,,,,
3,203020,40,33,4,250,23,8000,30,,,,,,,
3,203021,41,25,4,250,23,8000,30,,,,,,,
3,203022,42,34,4,250,23,4000,20,,,,,,,
3,203023,43,34,4,250,23,4000,20,,,,,,,
3,203024,44,28,4,250,23,8000,30,,,,,,,
3,203025,45,29,4,250,23,4000,20,,,,,,,
3,203026,46,29,4,250,23,4000,20,,,,,,,
3,203027,47,37,4,400,25,4000,20,,,,,,,
3,203028,48,37,4,400,25,4000,20,,,,,,,
3,203029,49,38,4,400,25,10000,60,,,,,,,
3,203030,50,39,4,400,25,10000,60,,,,,,,
3,203031,51,40,4,400,25,4000,20,,,,,,,
3,203032,52,40,4,400,25,4000,20,,,,,,,
3,203033,53,41,4,400,25,4000,20,,,,,,,
3,203034,54,41,4,400,25,4000,20,,,,,,,
3,203035,55,43,4,400,25,10000,60,,,,,,,
3,203036,56,44,4,400,25,4000,20,,,,,,,
3,203037,57,44,4,400,25,4000,20,,,,,,,
3,203038,58,45,4,400,25,10000,60,,,,,,,
3,203039,59,46,4,400,25,10000,60,,,,,,,
3,203040,60,35,4,400,25,10000,60,,,,,,,
3,303001,61,60,7,560,40,5000,10,,,,,,,
3,303002,62,47,7,560,40,11000,30,,,,,,,
3,303003,63,49,7,560,40,5000,10,,,,,,,
3,303004,64,49,7,560,40,5000,10,,,,,,,
3,303005,65,50,7,560,40,5000,10,,,,,,,
3,303006,66,50,7,560,40,11000,30,,,,,,,
3,303007,67,55,7,560,40,5000,10,,,,,,,
3,303008,68,55,7,560,40,5000,10,,,,,,,
3,303009,69,56,7,560,40,11000,30,,,,,,,
3,303010,70,58,7,560,40,5000,10,,,,,,,
3,303011,71,58,7,560,40,5000,10,,,,,,,
3,303012,72,59,7,560,40,5000,10,,,,,,,
3,303013,73,59,7,560,40,5000,10,,,,,,,
3,303014,74,60,7,560,40,11000,30,,,,,,,
3,303015,75,61,7,690,60,15000,70,,,,,,,
3,303016,76,62,7,690,60,8000,30,,,,,,,
3,303017,77,62,7,690,60,8000,30,,,,,,,
3,303018,78,66,7,690,60,8000,30,,,,,,,
3,303019,79,66,7,690,60,8000,30,,,,,,,
3,303020,80,67,7,690,60,15000,70,,,,,,,
3,303021,81,69,7,690,60,8000,30,,,,,,,
3,303022,82,69,7,690,60,8000,30,,,,,,,
3,303023,83,71,7,690,60,15000,70,,,,,,,
3,303024,84,72,7,690,60,15000,70,,,,,,,
3,303025,85,74,7,690,60,8000,30,,,,,,,
3,303026,86,74,7,690,60,8000,30,,,,,,,
3,303027,87,75,7,820,67,8000,40,,,,,,,
3,303028,88,75,7,820,67,8000,40,,,,,,,
3,303029,89,77,7,820,67,21000,110,,,,,,,
3,303030,90,78,7,820,67,8000,40,,,,,,,
3,303031,91,79,7,820,67,21000,110,,,,,,,
3,303032,92,80,7,820,67,8000,40,,,,,,,
3,303033,93,80,7,820,67,8000,40,,,,,,,
3,303034,94,81,7,820,67,21000,110,,,,,,,
3,303035,95,82,7,820,67,8000,40,,,,,,,
3,303036,96,83,7,820,67,8000,40,,,,,,,
3,303037,97,83,7,820,67,8000,40,,,,,,,
3,303038,98,84,7,820,67,8000,40,,,,,,,
3,303039,99,84,7,820,67,8000,40,,,,,,,
3,303040,100,85,7,820,67,21000,110,,,,,,,
4,104001,1,,,,,,,,,,,,,1
4,104002,2,,,,,400,1,,,,,,,
4,104003,3,,,,,400,,,,,,1,,
4,104004,4,,,,,400,1,,,,,,,
4,104005,5,1,,,,900,3,,,,,,,
4,104006,6,3,,,,900,3,,,,,,,
4,104007,7,4,,,,400,1,,,,,,,
4,104008,8,5,,40,15,600,4,,,,,,,
4,104009,9,5,,40,15,600,,,,,,4,,
4,104010,10,2,,40,15,1000,,,,,,8,,
4,104011,11,6,,40,15,600,4,,,,,,,
4,104012,12,6,,40,15,600,4,,,,,,,
4,104013,13,7,,40,15,1000,8,,,,,,,
4,104014,14,9,,70,17,700,5,,,,,,,
4,104015,15,10,,70,17,2000,10,,,,,,,
4,104016,16,10,,70,17,700,5,,,,,,,
4,104017,17,11,,70,17,2000,,,,,,10,,
4,104018,18,13,,70,17,700,,,,,,5,,
4,104019,19,13,,70,17,700,5,,,,,,,
4,104020,20,8,,70,17,2000,10,,,,,,,
4,204001,21,20,4,120,15,3000,10,,,,,,,
4,204002,22,20,4,120,15,3000,,,,,,10,,
4,204003,23,14,4,120,15,3000,10,,,,,,,
4,204004,24,15,4,120,15,3000,10,,,,,,,
4,204005,25,15,4,120,15,3000,,,,,,10,,
4,204006,26,16,4,120,15,3000,10,,,,,,,
4,204007,27,17,4,120,15,3000,10,,,,,,,
4,204008,28,17,4,120,15,3000,,,,,,10,,
4,204009,29,18,4,120,15,5000,10,,,,,,,
4,204010,30,19,4,120,15,3000,10,,,,,,,
4,204011,31,21,4,120,15,5000,10,,,,,,,
4,204012,32,23,4,120,15,5000,,,,,,10,,
4,204013,33,24,4,120,15,3000,10,,,,,,,
4,204014,34,26,4,120,15,5000,10,,,,,,,
4,204015,35,31,4,250,23,4000,20,,,,,,,
4,204016,36,31,4,250,23,4000,,,,,,20,,
4,204017,37,22,4,250,23,8000,30,,,,,,,
4,204018,38,32,4,250,23,4000,,,,,,20,,
4,204019,39,32,4,250,23,4000,20,,,,,,,
4,204020,40,33,4,250,23,8000,30,,,,,,,
4,204021,41,25,4,250,23,8000,30,,,,,,,
4,204022,42,34,4,250,23,4000,,,,,,20,,
4,204023,43,34,4,250,23,4000,20,,,,,,,
4,204024,44,28,4,250,23,8000,30,,,,,,,
4,204025,45,29,4,250,23,4000,20,,,,,,,
4,204026,46,29,4,250,23,4000,,,,,,20,,
4,204027,47,37,4,400,25,4000,,,,,,20,,
4,204028,48,37,4,400,25,4000,20,,,,,,,
4,204029,49,38,4,400,25,10000,60,,,,,,,
4,204030,50,39,4,400,25,10000,,,,,,60,,
4,204031,51,40,4,400,25,4000,20,,,,,,,
4,204032,52,40,4,400,25,4000,20,,,,,,,
4,204033,53,41,4,400,25,4000,20,,,,,,,
4,204034,54,41,4,400,25,4000,20,,,,,,,
4,204035,55,43,4,400,25,10000,,,,,,60,,
4,204036,56,44,4,400,25,4000,20,,,,,,,
4,204037,57,44,4,400,25,4000,20,,,,,,,
4,204038,58,45,4,400,25,10000,60,,,,,,,
4,204039,59,46,4,400,25,10000,,,,,,60,,
4,204040,60,35,4,400,25,10000,60,,,,,,,
4,304001,61,60,7,560,40,5000,10,,,,,,,
4,304002,62,47,7,560,40,11000,,,,,,30,,
4,304003,63,49,7,560,40,5000,10,,,,,,,
4,304004,64,49,7,560,40,5000,10,,,,,,,
4,304005,65,50,7,560,40,5000,,,,,,10,,
4,304006,66,50,7,560,40,11000,30,,,,,,,
4,304007,67,55,7,560,40,5000,10,,,,,,,
4,304008,68,55,7,560,40,5000,,,,,,10,,
4,304009,69,56,7,560,40,11000,30,,,,,,,
4,304010,70,58,7,560,40,5000,10,,,,,,,
4,304011,71,58,7,560,40,5000,10,,,,,,,
4,304012,72,59,7,560,40,5000,,,,,,10,,
4,304013,73,59,7,560,40,5000,10,,,,,,,
4,304014,74,60,7,560,40,11000,30,,,,,,,
4,304015,75,61,7,690,60,15000,70,,,,,,,
4,304016,76,62,7,690,60,8000,,,,,,30,,
4,304017,77,62,7,690,60,8000,30,,,,,,,
4,304018,78,66,7,690,60,8000,,,,,,30,,
4,304019,79,66,7,690,60,8000,30,,,,,,,
4,304020,80,67,7,690,60,15000,70,,,,,,,
4,304021,81,69,7,690,60,8000,30,,,,,,,
4,304022,82,69,7,690,60,8000,,,,,,30,,
4,304023,83,71,7,690,60,15000,70,,,,,,,
4,304024,84,72,7,690,60,15000,70,,,,,,,
4,304025,85,74,7,690,60,8000,30,,,,,,,
4,304026,86,74,7,690,60,8000,,,,,,30,,
4,304027,87,75,7,820,67,8000,,,,,,40,,
4,304028,88,75,7,820,67,8000,40,,,,,,,
4,304029,89,77,7,820,67,21000,110,,,,,,,
4,304030,90,78,7,820,67,8000,,,,,,40,,
4,304031,91,79,7,820,67,21000,110,,,,,,,
4,304032,92,80,7,820,67,8000,40,,,,,,,
4,304033,93,80,7,820,67,8000,40,,,,,,,
4,304034,94,81,7,820,67,21000,110,,,,,,,
4,304035,95,82,7,820,67,8000,,,,,,40,,
4,304036,96,83,7,820,67,8000,40,,,,,,,
4,304037,97,83,7,820,67,8000,40,,,,,,,
4,304038,98,84,7,820,67,8000,40,,,,,,,
4,304039,99,84,7,820,67,8000,,,,,,40,,
4,304040,100,85,7,820,67,21000,110,,,,,,,
5,105001,1,,,,,,,,,,,,,1
5,105002,2,,,,,400,,1,,,,,,
5,105003,3,,,,,400,,1,,,,,,
5,105004,4,,,,,400,,1,,,,,,
5,105005,5,1,,,,900,,3,,,,,,
5,105006,6,3,,,,900,,3,,,,,,
5,105007,7,4,,,,400,,1,,,,,,
5,105008,8,5,,40,15,600,,4,,,,,,
5,105009,9,5,,40,15,600,,4,,,,,,
5,105010,10,2,,40,15,1000,,8,,,,,,
5,105011,11,6,,40,15,600,,4,,,,,,
5,105012,12,6,,40,15,600,,4,,,,,,
5,105013,13,7,,40,15,1000,,8,,,,,,
5,105014,14,9,,70,17,700,,5,,,,,,
5,105015,15,10,,70,17,2000,,10,,,,,,
5,105016,16,10,,70,17,700,,5,,,,,,
5,105017,17,11,,70,17,2000,,10,,,,,,
5,105018,18,13,,70,17,700,,5,,,,,,
5,105019,19,13,,70,17,700,,5,,,,,,
5,105020,20,8,,70,17,2000,,10,,,,,,
5,205001,21,20,4,120,15,3000,,10,,,,,,
5,205002,22,20,4,120,15,3000,,10,,,,,,
5,205003,23,14,4,120,15,3000,,10,,,,,,
5,205004,24,15,4,120,15,3000,,10,,,,,,
5,205005,25,15,4,120,15,3000,,10,,,,,,
5,205006,26,16,4,120,15,3000,,10,,,,,,
5,205007,27,17,4,120,15,3000,,10,,,,,,
5,205008,28,17,4,120,15,3000,,10,,,,,,
5,205009,29,18,4,120,15,5000,,10,,,,,,
5,205010,30,19,4,120,15,3000,,10,,,,,,
5,205011,31,21,4,120,15,5000,,10,,,,,,
5,205012,32,23,4,120,15,5000,,10,,,,,,
5,205013,33,24,4,120,15,3000,,10,,,,,,
5,205014,34,26,4,120,15,5000,,10,,,,,,
5,205015,35,31,4,250,23,4000,,20,,,,,,
5,205016,36,31,4,250,23,4000,,20,,,,,,
5,205017,37,22,4,250,23,8000,,30,,,,,,
5,205018,38,32,4,250,23,4000,,20,,,,,,
5,205019,39,32,4,250,23,4000,,20,,,,,,
5,205020,40,33,4,250,23,8000,,30,,,,,,
5,205021,41,25,4,250,23,8000,,30,,,,,,
5,205022,42,34,4,250,23,4000,,20,,,,,,
5,205023,43,34,4,250,23,4000,,20,,,,,,
5,205024,44,28,4,250,23,8000,,30,,,,,,
5,205025,45,29,4,250,23,4000,,20,,,,,,
5,205026,46,29,4,250,23,4000,,20,,,,,,
5,205027,47,37,4,400,25,4000,,20,,,,,,
5,205028,48,37,4,400,25,4000,,20,,,,,,
5,205029,49,38,4,400,25,10000,,60,,,,,,
5,205030,50,39,4,400,25,10000,,60,,,,,,
5,205031,51,40,4,400,25,4000,,20,,,,,,
5,205032,52,40,4,400,25,4000,,20,,,,,,
5,205033,53,41,4,400,25,4000,,20,,,,,,
5,205034,54,41,4,400,25,4000,,20,,,,,,
5,205035,55,43,4,400,25,10000,,60,,,,,,
5,205036,56,44,4,400,25,4000,,20,,,,,,
5,205037,57,44,4,400,25,4000,,20,,,,,,
5,205038,58,45,4,400,25,10000,,60,,,,,,
5,205039,59,46,4,400,25,10000,,60,,,,,,
5,205040,60,35,4,400,25,10000,,60,,,,,,
5,305001,61,60,7,560,40,5000,,10,,,,,,
5,305002,62,47,7,560,40,11000,,30,,,,,,
5,305003,63,49,7,560,40,5000,,10,,,,,,
5,305004,64,49,7,560,40,5000,,10,,,,,,
5,305005,65,50,7,560,40,5000,,10,,,,,,
5,305006,66,50,7,560,40,11000,,30,,,,,,
5,305007,67,55,7,560,40,5000,,10,,,,,,
5,305008,68,55,7,560,40,5000,,10,,,,,,
5,305009,69,56,7,560,40,11000,,30,,,,,,
5,305010,70,58,7,560,40,5000,,10,,,,,,
5,305011,71,58,7,560,40,5000,,10,,,,,,
5,305012,72,59,7,560,40,5000,,10,,,,,,
5,305013,73,59,7,560,40,5000,,10,,,,,,
5,305014,74,60,7,560,40,11000,,30,,,,,,
5,305015,75,61,7,690,60,15000,,70,,,,,,
5,305016,76,62,7,690,60,8000,,30,,,,,,
5,305017,77,62,7,690,60,8000,,30,,,,,,
5,305018,78,66,7,690,60,8000,,30,,,,,,
5,305019,79,66,7,690,60,8000,,30,,,,,,
5,305020,80,67,7,690,60,15000,,70,,,,,,
5,305021,81,69,7,690,60,8000,,30,,,,,,
5,305022,82,69,7,690,60,8000,,30,,,,,,
5,305023,83,71,7,690,60,15000,,70,,,,,,
5,305024,84,72,7,690,60,15000,,70,,,,,,
5,305025,85,74,7,690,60,8000,,30,,,,,,
5,305026,86,74,7,690,60,8000,,30,,,,,,
5,305027,87,75,7,820,67,8000,,40,,,,,,
5,305028,88,75,7,820,67,8000,,40,,,,,,
5,305029,89,77,7,820,67,21000,,110,,,,,,
5,305030,90,78,7,820,67,8000,,40,,,,,,
5,305031,91,79,7,820,67,21000,,110,,,,,,
5,305032,92,80,7,820,67,8000,,40,,,,,,
5,305033,93,80,7,820,67,8000,,40,,,,,,
5,305034,94,81,7,820,67,21000,,110,,,,,,
5,305035,95,82,7,820,67,8000,,40,,,,,,
5,305036,96,83,7,820,67,8000,,40,,,,,,
5,305037,97,83,7,820,67,8000,,40,,,,,,
5,305038,98,84,7,820,67,8000,,40,,,,,,
5,305039,99,84,7,820,67,8000,,40,,,,,,
5,305040,100,85,7,820,67,21000,,110,,,,,,
6,106001,1,,,,,,,,,,,,,1
6,106002,2,,,,,400,,1,,,,,,
6,106003,3,,,,,400,,,,1,,,,
6,106004,4,,,,,400,,1,,,,,,
6,106005,5,1,,,,900,,3,,,,,,
6,106006,6,3,,,,900,,3,,,,,,
6,106007,7,4,,,,400,,1,,,,,,
6,106008,8,5,,40,15,600,,4,,,,,,
6,106009,9,5,,40,15,600,,,,4,,,,
6,106010,10,2,,40,15,1000,,,,8,,,,
6,106011,11,6,,40,15,600,,4,,,,,,
6,106012,12,6,,40,15,600,,4,,,,,,
6,106013,13,7,,40,15,1000,,8,,,,,,
6,106014,14,9,,70,17,700,,5,,,,,,
6,106015,15,10,,70,17,2000,,10,,,,,,
6,106016,16,10,,70,17,700,,5,,,,,,
6,106017,17,11,,70,17,2000,,,,10,,,,
6,106018,18,13,,70,17,700,,,,5,,,,
6,106019,19,13,,70,17,700,,5,,,,,,
6,106020,20,8,,70,17,2000,,10,,,,,,
6,206001,21,20,4,120,15,3000,,10,,,,,,
6,206002,22,20,4,120,15,3000,,,,10,,,,
6,206003,23,14,4,120,15,3000,,10,,,,,,
6,206004,24,15,4,120,15,3000,,10,,,,,,
6,206005,25,15,4,120,15,3000,,,,10,,,,
6,206006,26,16,4,120,15,3000,,10,,,,,,
6,206007,27,17,4,120,15,3000,,10,,,,,,
6,206008,28,17,4,120,15,3000,,,,10,,,,
6,206009,29,18,4,120,15,5000,,10,,,,,,
6,206010,30,19,4,120,15,3000,,10,,,,,,
6,206011,31,21,4,120,15,5000,,10,,,,,,
6,206012,32,23,4,120,15,5000,,,,10,,,,
6,206013,33,24,4,120,15,3000,,10,,,,,,
6,206014,34,26,4,120,15,5000,,10,,,,,,
6,206015,35,31,4,250,23,4000,,20,,,,,,
6,206016,36,31,4,250,23,4000,,,,20,,,,
6,206017,37,22,4,250,23,8000,,30,,,,,,
6,206018,38,32,4,250,23,4000,,,,20,,,,
6,206019,39,32,4,250,23,4000,,20,,,,,,
6,206020,40,33,4,250,23,8000,,30,,,,,,
6,206021,41,25,4,250,23,8000,,30,,,,,,
6,206022,42,34,4,250,23,4000,,,,20,,,,
6,206023,43,34,4,250,23,4000,,20,,,,,,
6,206024,44,28,4,250,23,8000,,30,,,,,,
6,206025,45,29,4,250,23,4000,,20,,,,,,
6,206026,46,29,4,250,23,4000,,,,20,,,,
6,206027,47,37,4,400,25,4000,,,,20,,,,
6,206028,48,37,4,400,25,4000,,20,,,,,,
6,206029,49,38,4,400,25,10000,,60,,,,,,
6,206030,50,39,4,400,25,10000,,,,60,,,,
6,206031,51,40,4,400,25,4000,,20,,,,,,
6,206032,52,40,4,400,25,4000,,20,,,,,,
6,206033,53,41,4,400,25,4000,,20,,,,,,
6,206034,54,41,4,400,25,4000,,20,,,,,,
6,206035,55,43,4,400,25,10000,,,,60,,,,
6,206036,56,44,4,400,25,4000,,20,,,,,,
6,206037,57,44,4,400,25,4000,,20,,,,,,
6,206038,58,45,4,400,25,10000,,60,,,,,,
6,206039,59,46,4,400,25,10000,,,,60,,,,
6,206040,60,35,4,400,25,10000,,60,,,,,,
6,306001,61,60,7,560,40,5000,,10,,,,,,
6,306002,62,47,7,560,40,11000,,,,30,,,,
6,306003,63,49,7,560,40,5000,,10,,,,,,
6,306004,64,49,7,560,40,5000,,10,,,,,,
6,306005,65,50,7,560,40,5000,,,,10,,,,
6,306006,66,50,7,560,40,11000,,30,,,,,,
6,306007,67,55,7,560,40,5000,,10,,,,,,
6,306008,68,55,7,560,40,5000,,,,10,,,,
6,306009,69,56,7,560,40,11000,,30,,,,,,
6,306010,70,58,7,560,40,5000,,10,,,,,,
6,306011,71,58,7,560,40,5000,,10,,,,,,
6,306012,72,59,7,560,40,5000,,,,10,,,,
6,306013,73,59,7,560,40,5000,,10,,,,,,
6,306014,74,60,7,560,40,11000,,30,,,,,,
6,306015,75,61,7,690,60,15000,,70,,,,,,
6,306016,76,62,7,690,60,8000,,,,30,,,,
6,306017,77,62,7,690,60,8000,,30,,,,,,
6,306018,78,66,7,690,60,8000,,,,30,,,,
6,306019,79,66,7,690,60,8000,,30,,,,,,
6,306020,80,67,7,690,60,15000,,70,,,,,,
6,306021,81,69,7,690,60,8000,,30,,,,,,
6,306022,82,69,7,690,60,8000,,,,30,,,,
6,306023,83,71,7,690,60,15000,,70,,,,,,
6,306024,84,72,7,690,60,15000,,70,,,,,,
6,306025,85,74,7,690,60,8000,,30,,,,,,
6,306026,86,74,7,690,60,8000,,,,30,,,,
6,306027,87,75,7,820,67,8000,,,,40,,,,
6,306028,88,75,7,820,67,8000,,40,,,,,,
6,306029,89,77,7,820,67,21000,,110,,,,,,
6,306030,90,78,7,820,67,8000,,,,40,,,,
6,306031,91,79,7,820,67,21000,,110,,,,,,
6,306032,92,80,7,820,67,8000,,40,,,,,,
6,306033,93,80,7,820,67,8000,,40,,,,,,
6,306034,94,81,7,820,67,21000,,110,,,,,,
6,306035,95,82,7,820,67,8000,,,,40,,,,
6,306036,96,83,7,820,67,8000,,40,,,,,,
6,306037,97,83,7,820,67,8000,,40,,,,,,
6,306038,98,84,7,820,67,8000,,40,,,,,,
6,306039,99,84,7,820,67,8000,,,,40,,,,
6,306040,100,85,7,820,67,21000,,110,,,,,,
7,107001,1,,,,,,,,,,,,,1
7,107002,2,,,,,400,,,1,,,,,
7,107003,3,,,,,400,,,1,,,,,
7,107004,4,,,,,400,,,1,,,,,
7,107005,5,1,,,,900,,,3,,,,,
7,107006,6,3,,,,900,,,3,,,,,
7,107007,7,4,,,,400,,,1,,,,,
7,107008,8,5,,40,15,600,,,4,,,,,
7,107009,9,5,,40,15,600,,,4,,,,,
7,107010,10,2,,40,15,1000,,,8,,,,,
7,107011,11,6,,40,15,600,,,4,,,,,
7,107012,12,6,,40,15,600,,,4,,,,,
7,107013,13,7,,40,15,1000,,,8,,,,,
7,107014,14,9,,70,17,700,,,5,,,,,
7,107015,15,10,,70,17,2000,,,10,,,,,
7,107016,16,10,,70,17,700,,,5,,,,,
7,107017,17,11,,70,17,2000,,,10,,,,,
7,107018,18,13,,70,17,700,,,5,,,,,
7,107019,19,13,,70,17,700,,,5,,,,,
7,107020,20,8,,70,17,2000,,,10,,,,,
7,207001,21,20,4,120,15,3000,,,10,,,,,
7,207002,22,20,4,120,15,3000,,,10,,,,,
7,207003,23,14,4,120,15,3000,,,10,,,,,
7,207004,24,15,4,120,15,3000,,,10,,,,,
7,207005,25,15,4,120,15,3000,,,10,,,,,
7,207006,26,16,4,120,15,3000,,,10,,,,,
7,207007,27,17,4,120,15,3000,,,10,,,,,
7,207008,28,17,4,120,15,3000,,,10,,,,,
7,207009,29,18,4,120,15,5000,,,10,,,,,
7,207010,30,19,4,120,15,3000,,,10,,,,,
7,207011,31,21,4,120,15,5000,,,10,,,,,
7,207012,32,23,4,120,15,5000,,,10,,,,,
7,207013,33,24,4,120,15,3000,,,10,,,,,
7,207014,34,26,4,120,15,5000,,,10,,,,,
7,207015,35,31,4,250,23,4000,,,20,,,,,
7,207016,36,31,4,250,23,4000,,,20,,,,,
7,207017,37,22,4,250,23,8000,,,30,,,,,
7,207018,38,32,4,250,23,4000,,,20,,,,,
7,207019,39,32,4,250,23,4000,,,20,,,,,
7,207020,40,33,4,250,23,8000,,,30,,,,,
7,207021,41,25,4,250,23,8000,,,30,,,,,
7,207022,42,34,4,250,23,4000,,,20,,,,,
7,207023,43,34,4,250,23,4000,,,20,,,,,
7,207024,44,28,4,250,23,8000,,,30,,,,,
7,207025,45,29,4,250,23,4000,,,20,,,,,
7,207026,46,29,4,250,23,4000,,,20,,,,,
7,207027,47,37,4,400,25,4000,,,20,,,,,
7,207028,48,37,4,400,25,4000,,,20,,,,,
7,207029,49,38,4,400,25,10000,,,60,,,,,
7,207030,50,39,4,400,25,10000,,,60,,,,,
7,207031,51,40,4,400,25,4000,,,20,,,,,
7,207032,52,40,4,400,25,4000,,,20,,,,,
7,207033,53,41,4,400,25,4000,,,20,,,,,
7,207034,54,41,4,400,25,4000,,,20,,,,,
7,207035,55,43,4,400,25,10000,,,60,,,,,
7,207036,56,44,4,400,25,4000,,,20,,,,,
7,207037,57,44,4,400,25,4000,,,20,,,,,
7,207038,58,45,4,400,25,10000,,,60,,,,,
7,207039,59,46,4,400,25,10000,,,60,,,,,
7,207040,60,35,4,400,25,10000,,,60,,,,,
7,307001,61,60,7,560,40,5000,,,10,,,,,
7,307002,62,47,7,560,40,11000,,,30,,,,,
7,307003,63,49,7,560,40,5000,,,10,,,,,
7,307004,64,49,7,560,40,5000,,,10,,,,,
7,307005,65,50,7,560,40,5000,,,10,,,,,
7,307006,66,50,7,560,40,11000,,,30,,,,,
7,307007,67,55,7,560,40,5000,,,10,,,,,
7,307008,68,55,7,560,40,5000,,,10,,,,,
7,307009,69,56,7,560,40,11000,,,30,,,,,
7,307010,70,58,7,560,40,5000,,,10,,,,,
7,307011,71,58,7,560,40,5000,,,10,,,,,
7,307012,72,59,7,560,40,5000,,,10,,,,,
7,307013,73,59,7,560,40,5000,,,10,,,,,
7,307014,74,60,7,560,40,11000,,,30,,,,,
7,307015,75,61,7,690,60,15000,,,70,,,,,
7,307016,76,62,7,690,60,8000,,,30,,,,,
7,307017,77,62,7,690,60,8000,,,30,,,,,
7,307018,78,66,7,690,60,8000,,,30,,,,,
7,307019,79,66,7,690,60,8000,,,30,,,,,
7,307020,80,67,7,690,60,15000,,,70,,,,,
7,307021,81,69,7,690,60,8000,,,30,,,,,
7,307022,82,69,7,690,60,8000,,,30,,,,,
7,307023,83,71,7,690,60,15000,,,70,,,,,
7,307024,84,72,7,690,60,15000,,,70,,,,,
7,307025,85,74,7,690,60,8000,,,30,,,,,
7,307026,86,74,7,690,60,8000,,,30,,,,,
7,307027,87,75,7,820,67,8000,,,40,,,,,
7,307028,88,75,7,820,67,8000,,,40,,,,,
7,307029,89,77,7,820,67,21000,,,110,,,,,
7,307030,90,78,7,820,67,8000,,,40,,,,,
7,307031,91,79,7,820,67,21000,,,110,,,,,
7,307032,92,80,7,820,67,8000,,,40,,,,,
7,307033,93,80,7,820,67,8000,,,40,,,,,
7,307034,94,81,7,820,67,21000,,,110,,,,,
7,307035,95,82,7,820,67,8000,,,40,,,,,
7,307036,96,83,7,820,67,8000,,,40,,,,,
7,307037,97,83,7,820,67,8000,,,40,,,,,
7,307038,98,84,7,820,67,8000,,,40,,,,,
7,307039,99,84,7,820,67,8000,,,40,,,,,
7,307040,100,85,7,820,67,21000,,,110,,,,,
8,108001,1,,,,,,,,,,,,,1
8,108002,2,,,,,400,,,1,,,,,
8,108003,3,,,,,400,,,,,1,,,
8,108004,4,,,,,400,,,1,,,,,
8,108005,5,1,,,,900,,,3,,,,,
8,108006,6,3,,,,900,,,3,,,,,
8,108007,7,4,,,,400,,,1,,,,,
8,108008,8,5,,40,15,600,,,4,,,,,
8,108009,9,5,,40,15,600,,,,,4,,,
8,108010,10,2,,40,15,1000,,,,,8,,,
8,108011,11,6,,40,15,600,,,4,,,,,
8,108012,12,6,,40,15,600,,,4,,,,,
8,108013,13,7,,40,15,1000,,,8,,,,,
8,108014,14,9,,70,17,700,,,5,,,,,
8,108015,15,10,,70,17,2000,,,10,,,,,
8,108016,16,10,,70,17,700,,,5,,,,,
8,108017,17,11,,70,17,2000,,,,,10,,,
8,108018,18,13,,70,17,700,,,,,5,,,
8,108019,19,13,,70,17,700,,,5,,,,,
8,108020,20,8,,70,17,2000,,,10,,,,,
8,208001,21,20,4,120,15,3000,,,10,,,,,
8,208002,22,20,4,120,15,3000,,,,,10,,,
8,208003,23,14,4,120,15,3000,,,10,,,,,
8,208004,24,15,4,120,15,3000,,,10,,,,,
8,208005,25,15,4,120,15,3000,,,,,10,,,
8,208006,26,16,4,120,15,3000,,,10,,,,,
8,208007,27,17,4,120,15,3000,,,10,,,,,
8,208008,28,17,4,120,15,3000,,,,,10,,,
8,208009,29,18,4,120,15,5000,,,10,,,,,
8,208010,30,19,4,120,15,3000,,,10,,,,,
8,208011,31,21,4,120,15,5000,,,10,,,,,
8,208012,32,23,4,120,15,5000,,,,,10,,,
8,208013,33,24,4,120,15,3000,,,10,,,,,
8,208014,34,26,4,120,15,5000,,,10,,,,,
8,208015,35,31,4,250,23,4000,,,20,,,,,
8,208016,36,31,4,250,23,4000,,,,,20,,,
8,208017,37,22,4,250,23,8000,,,30,,,,,
8,208018,38,32,4,250,23,4000,,,,,20,,,
8,208019,39,32,4,250,23,4000,,,20,,,,,
8,208020,40,33,4,250,23,8000,,,30,,,,,
8,208021,41,25,4,250,23,8000,,,30,,,,,
8,208022,42,34,4,250,23,4000,,,,,20,,,
8,208023,43,34,4,250,23,4000,,,20,,,,,
8,208024,44,28,4,250,23,8000,,,30,,,,,
8,208025,45,29,4,250,23,4000,,,20,,,,,
8,208026,46,29,4,250,23,4000,,,,,20,,,
8,208027,47,37,4,400,25,4000,,,,,20,,,
8,208028,48,37,4,400,25,4000,,,20,,,,,
8,208029,49,38,4,400,25,10000,,,60,,,,,
8,208030,50,39,4,400,25,10000,,,,,60,,,
8,208031,51,40,4,400,25,4000,,,20,,,,,
8,208032,52,40,4,400,25,4000,,,20,,,,,
8,208033,53,41,4,400,25,4000,,,20,,,,,
8,208034,54,41,4,400,25,4000,,,20,,,,,
8,208035,55,43,4,400,25,10000,,,,,60,,,
8,208036,56,44,4,400,25,4000,,,20,,,,,
8,208037,57,44,4,400,25,4000,,,20,,,,,
8,208038,58,45,4,400,25,10000,,,60,,,,,
8,208039,59,46,4,400,25,10000,,,,,60,,,
8,208040,60,35,4,400,25,10000,,,60,,,,,
8,308001,61,60,7,560,40,5000,,,10,,,,,
8,308002,62,47,7,560,40,11000,,,,,30,,,
8,308003,63,49,7,560,40,5000,,,10,,,,,
8,308004,64,49,7,560,40,5000,,,10,,,,,
8,308005,65,50,7,560,40,5000,,,,,10,,,
8,308006,66,50,7,560,40,11000,,,30,,,,,
8,308007,67,55,7,560,40,5000,,,10,,,,,
8,308008,68,55,7,560,40,5000,,,,,10,,,
8,308009,69,56,7,560,40,11000,,,30,,,,,
8,308010,70,58,7,560,40,5000,,,10,,,,,
8,308011,71,58,7,560,40,5000,,,10,,,,,
8,308012,72,59,7,560,40,5000,,,,,10,,,
8,308013,73,59,7,560,40,5000,,,10,,,,,
8,308014,74,60,7,560,40,11000,,,30,,,,,
8,308015,75,61,7,690,60,15000,,,70,,,,,
8,308016,76,62,7,690,60,8000,,,,,30,,,
8,308017,77,62,7,690,60,8000,,,30,,,,,
8,308018,78,66,7,690,60,8000,,,,,30,,,
8,308019,79,66,7,690,60,8000,,,30,,,,,
8,308020,80,67,7,690,60,15000,,,70,,,,,
8,308021,81,69,7,690,60,8000,,,30,,,,,
8,308022,82,69,7,690,60,8000,,,,,30,,,
8,308023,83,71,7,690,60,15000,,,70,,,,,
8,308024,84,72,7,690,60,15000,,,70,,,,,
8,308025,85,74,7,690,60,8000,,,30,,,,,
8,308026,86,74,7,690,60,8000,,,,,30,,,
8,308027,87,75,7,820,67,8000,,,,,40,,,
8,308028,88,75,7,820,67,8000,,,40,,,,,
8,308029,89,77,7,820,67,21000,,,110,,,,,
8,308030,90,78,7,820,67,8000,,,,,40,,,
8,308031,91,79,7,820,67,21000,,,110,,,,,
8,308032,92,80,7,820,67,8000,,,40,,,,,
8,308033,93,80,7,820,67,8000,,,40,,,,,
8,308034,94,81,7,820,67,21000,,,110,,,,,
8,308035,95,82,7,820,67,8000,,,,,40,,,
8,308036,96,83,7,820,67,8000,,,40,,,,,
8,308037,97,83,7,820,67,8000,,,40,,,,,
8,308038,98,84,7,820,67,8000,,,40,,,,,
8,308039,99,84,7,820,67,8000,,,,,40,,,
8,308040,100,85,7,820,67,21000,,,110,,,,,
9,109001,1,,,,,,,,,,,,,1
9,109002,2,,,,,400,,,,,1,,,
9,109003,3,,,,,400,,,,,1,,,
9,109004,4,,,,,400,,,,,1,,,
9,109005,5,1,,,,900,,,,,3,,,
9,109006,6,3,,,,900,,,,,3,,,
9,109007,7,4,,,,400,,,,,1,,,
9,109008,8,5,,40,15,600,,,,,4,,,
9,109009,9,5,,40,15,600,,,,,4,,,
9,109010,10,2,,40,15,1000,,,,,8,,,
9,109011,11,6,,40,15,600,,,,,4,,,
9,109012,12,6,,40,15,600,,,,,4,,,
9,109013,13,7,,40,15,1000,,,,,8,,,
9,109014,14,9,,70,17,700,,,,,5,,,
9,109015,15,10,,70,17,2000,,,,,10,,,
9,109016,16,10,,70,17,700,,,,,5,,,
9,109017,17,11,,70,17,2000,,,,,10,,,
9,109018,18,13,,70,17,700,,,,,5,,,
9,109019,19,13,,70,17,700,,,,,5,,,
9,109020,20,8,,70,17,2000,,,,,10,,,
9,209001,21,20,4,120,15,3000,,,,,10,,,
9,209002,22,20,4,120,15,3000,,,,,10,,,
9,209003,23,14,4,120,15,3000,,,,,10,,,
9,209004,24,15,4,120,15,3000,,,,,10,,,
9,209005,25,15,4,120,15,3000,,,,,10,,,
9,209006,26,16,4,120,15,3000,,,,,10,,,
9,209007,27,17,4,120,15,3000,,,,,10,,,
9,209008,28,17,4,120,15,3000,,,,,10,,,
9,209009,29,18,4,120,15,5000,,,,,10,,,
9,209010,30,19,4,120,15,3000,,,,,10,,,
9,209011,31,21,4,120,15,5000,,,,,10,,,
9,209012,32,23,4,120,15,5000,,,,,10,,,
9,209013,33,24,4,120,15,3000,,,,,10,,,
9,209014,34,26,4,120,15,5000,,,,,10,,,
9,209015,35,31,4,250,23,4000,,,,,20,,,
9,209016,36,31,4,250,23,4000,,,,,20,,,
9,209017,37,22,4,250,23,8000,,,,,30,,,
9,209018,38,32,4,250,23,4000,,,,,20,,,
9,209019,39,32,4,250,23,4000,,,,,20,,,
9,209020,40,33,4,250,23,8000,,,,,30,,,
9,209021,41,25,4,250,23,8000,,,,,30,,,
9,209022,42,34,4,250,23,4000,,,,,20,,,
9,209023,43,34,4,250,23,4000,,,,,20,,,
9,209024,44,28,4,250,23,8000,,,,,30,,,
9,209025,45,29,4,250,23,4000,,,,,20,,,
9,209026,46,29,4,250,23,4000,,,,,20,,,
9,209027,47,37,4,400,25,4000,,,,,20,,,
9,209028,48,37,4,400,25,4000,,,,,20,,,
9,209029,49,38,4,400,25,10000,,,,,60,,,
9,209030,50,39,4,400,25,10000,,,,,60,,,
9,209031,51,40,4,400,25,4000,,,,,20,,,
9,209032,52,40,4,400,25,4000,,,,,20,,,
9,209033,53,41,4,400,25,4000,,,,,20,,,
9,209034,54,41,4,400,25,4000,,,,,20,,,
9,209035,55,43,4,400,25,10000,,,,,60,,,
9,209036,56,44,4,400,25,4000,,,,,20,,,
9,209037,57,44,4,400,25,4000,,,,,20,,,
9,209038,58,45,4,400,25,10000,,,,,60,,,
9,209039,59,46,4,400,25,10000,,,,,60,,,
9,209040,60,35,4,400,25,10000,,,,,60,,,
9,309001,61,60,7,560,40,5000,,,,,10,,,
9,309002,62,47,7,560,40,11000,,,,,30,,,
9,309003,63,49,7,560,40,5000,,,,,10,,,
9,309004,64,49,7,560,40,5000,,,,,10,,,
9,309005,65,50,7,560,40,5000,,,,,10,,,
9,309006,66,50,7,560,40,11000,,,,,30,,,
9,309007,67,55,7,560,40,5000,,,,,10,,,
9,309008,68,55,7,560,40,5000,,,,,10,,,
9,309009,69,56,7,560,40,11000,,,,,30,,,
9,309010,70,58,7,560,40,5000,,,,,10,,,
9,309011,71,58,7,560,40,5000,,,,,10,,,
9,309012,72,59,7,560,40,5000,,,,,10,,,
9,309013,73,59,7,560,40,5000,,,,,10,,,
9,309014,74,60,7,560,40,11000,,,,,30,,,
9,309015,75,61,7,690,60,15000,,,,,70,,,
9,309016,76,62,7,690,60,8000,,,,,30,,,
9,309017,77,62,7,690,60,8000,,,,,30,,,
9,309018,78,66,7,690,60,8000,,,,,30,,,
9,309019,79,66,7,690,60,8000,,,,,30,,,
9,309020,80,67,7,690,60,15000,,,,,70,,,
9,309021,81,69,7,690,60,8000,,,,,30,,,
9,309022,82,69,7,690,60,8000,,,,,30,,,
9,309023,83,71,7,690,60,15000,,,,,70,,,
9,309024,84,72,7,690,60,15000,,,,,70,,,
9,309025,85,74,7,690,60,8000,,,,,30,,,
9,309026,86,74,7,690,60,8000,,,,,30,,,
9,309027,87,75,7,820,67,8000,,,,,40,,,
9,309028,88,75,7,820,67,8000,,,,,40,,,
9,309029,89,77,7,820,67,21000,,,,,110,,,
9,309030,90,78,7,820,67,8000,,,,,40,,,
9,309031,91,79,7,820,67,21000,,,,,110,,,
9,309032,92,80,7,820,67,8000,,,,,40,,,
9,309033,93,80,7,820,67,8000,,,,,40,,,
9,309034,94,81,7,820,67,21000,,,,,110,,,
9,309035,95,82,7,820,67,8000,,,,,40,,,
9,309036,96,83,7,820,67,8000,,,,,40,,,
9,309037,97,83,7,820,67,8000,,,,,40,,,
9,309038,98,84,7,820,67,8000,,,,,40,,,
9,309039,99,84,7,820,67,8000,,,,,40,,,
9,309040,100,85,7,820,67,21000,,,,,110,,,
10,110001,1,,,,,,,,,,,,,1
10,110002,2,,,,,400,,,,,1,,,
10,110003,3,,,,,400,,,1,,,,,
10,110004,4,,,,,400,,,,,1,,,
10,110005,5,1,,,,900,,,,,3,,,
10,110006,6,3,,,,900,,,,,3,,,
10,110007,7,4,,,,400,,,,,1,,,
10,110008,8,5,,40,15,600,,,,,4,,,
10,110009,9,5,,40,15,600,,,4,,,,,
10,110010,10,2,,40,15,1000,,,8,,,,,
10,110011,11,6,,40,15,600,,,,,4,,,
10,110012,12,6,,40,15,600,,,,,4,,,
10,110013,13,7,,40,15,1000,,,,,8,,,
10,110014,14,9,,70,17,700,,,,,5,,,
10,110015,15,10,,70,17,2000,,,,,10,,,
10,110016,16,10,,70,17,700,,,,,5,,,
10,110017,17,11,,70,17,2000,,,10,,,,,
10,110018,18,13,,70,17,700,,,5,,,,,
10,110019,19,13,,70,17,700,,,,,5,,,
10,110020,20,8,,70,17,2000,,,,,10,,,
10,210001,21,20,4,120,15,3000,,,,,10,,,
10,210002,22,20,4,120,15,3000,,,10,,,,,
10,210003,23,14,4,120,15,3000,,,,,10,,,
10,210004,24,15,4,120,15,3000,,,,,10,,,
10,210005,25,15,4,120,15,3000,,,10,,,,,
10,210006,26,16,4,120,15,3000,,,,,10,,,
10,210007,27,17,4,120,15,3000,,,,,10,,,
10,210008,28,17,4,120,15,3000,,,10,,,,,
10,210009,29,18,4,120,15,5000,,,,,10,,,
10,210010,30,19,4,120,15,3000,,,,,10,,,
10,210011,31,21,4,120,15,5000,,,,,10,,,
10,210012,32,23,4,120,15,5000,,,10,,,,,
10,210013,33,24,4,120,15,3000,,,,,10,,,
10,210014,34,26,4,120,15,5000,,,,,10,,,
10,210015,35,31,4,250,23,4000,,,,,20,,,
10,210016,36,31,4,250,23,4000,,,20,,,,,
10,210017,37,22,4,250,23,8000,,,,,30,,,
10,210018,38,32,4,250,23,4000,,,20,,,,,
10,210019,39,32,4,250,23,4000,,,,,20,,,
10,210020,40,33,4,250,23,8000,,,,,30,,,
10,210021,41,25,4,250,23,8000,,,,,30,,,
10,210022,42,34,4,250,23,4000,,,20,,,,,
10,210023,43,34,4,250,23,4000,,,,,20,,,
10,210024,44,28,4,250,23,8000,,,,,30,,,
10,210025,45,29,4,250,23,4000,,,,,20,,,
10,210026,46,29,4,250,23,4000,,,20,,,,,
10,210027,47,37,4,400,25,4000,,,20,,,,,
10,210028,48,37,4,400,25,4000,,,,,20,,,
10,210029,49,38,4,400,25,10000,,,,,60,,,
10,210030,50,39,4,400,25,10000,,,60,,,,,
10,210031,51,40,4,400,25,4000,,,,,20,,,
10,210032,52,40,4,400,25,4000,,,,,20,,,
10,210033,53,41,4,400,25,4000,,,,,20,,,
10,210034,54,41,4,400,25,4000,,,,,20,,,
10,210035,55,43,4,400,25,10000,,,60,,,,,
10,210036,56,44,4,400,25,4000,,,,,20,,,
10,210037,57,44,4,400,25,4000,,,,,20,,,
10,210038,58,45,4,400,25,10000,,,,,60,,,
10,210039,59,46,4,400,25,10000,,,60,,,,,
10,210040,60,35,4,400,25,10000,,,,,60,,,
10,310001,61,60,7,560,40,5000,,,,,10,,,
10,310002,62,47,7,560,40,11000,,,30,,,,,
10,310003,63,49,7,560,40,5000,,,,,10,,,
10,310004,64,49,7,560,40,5000,,,,,10,,,
10,310005,65,50,7,560,40,5000,,,10,,,,,
10,310006,66,50,7,560,40,11000,,,,,30,,,
10,310007,67,55,7,560,40,5000,,,,,10,,,
10,310008,68,55,7,560,40,5000,,,10,,,,,
10,310009,69,56,7,560,40,11000,,,,,30,,,
10,310010,70,58,7,560,40,5000,,,,,10,,,
10,310011,71,58,7,560,40,5000,,,,,10,,,
10,310012,72,59,7,560,40,5000,,,10,,,,,
10,310013,73,59,7,560,40,5000,,,,,10,,,
10,310014,74,60,7,560,40,11000,,,,,30,,,
10,310015,75,61,7,690,60,15000,,,,,70,,,
10,310016,76,62,7,690,60,8000,,,30,,,,,
10,310017,77,62,7,690,60,8000,,,,,30,,,
10,310018,78,66,7,690,60,8000,,,30,,,,,
10,310019,79,66,7,690,60,8000,,,,,30,,,
10,310020,80,67,7,690,60,15000,,,,,70,,,
10,310021,81,69,7,690,60,8000,,,,,30,,,
10,310022,82,69,7,690,60,8000,,,30,,,,,
10,310023,83,71,7,690,60,15000,,,,,70,,,
10,310024,84,72,7,690,60,15000,,,,,70,,,
10,310025,85,74,7,690,60,8000,,,,,30,,,
10,310026,86,74,7,690,60,8000,,,30,,,,,
10,310027,87,75,7,820,67,8000,,,40,,,,,
10,310028,88,75,7,820,67,8000,,,,,40,,,
10,310029,89,77,7,820,67,21000,,,,,110,,,
10,310030,90,78,7,820,67,8000,,,40,,,,,
10,310031,91,79,7,820,67,21000,,,,,110,,,
10,310032,92,80,7,820,67,8000,,,,,40,,,
10,310033,93,80,7,820,67,8000,,,,,40,,,
10,310034,94,81,7,820,67,21000,,,,,110,,,
10,310035,95,82,7,820,67,8000,,,40,,,,,
10,310036,96,83,7,820,67,8000,,,,,40,,,
10,310037,97,83,7,820,67,8000,,,,,40,,,
10,310038,98,84,7,820,67,8000,,,,,40,,,
10,310039,99,84,7,820,67,8000,,,40,,,,,
10,310040,100,85,7,820,67,21000,,,,,110,,,
11,111001,1,,,,,,,,,,,,,1
11,111002,2,,,,,400,,,,1,,,,
11,111003,3,,,,,400,,,,1,,,,
11,111004,4,,,,,400,,,,1,,,,
11,111005,5,1,,,,900,,,,3,,,,
11,111006,6,3,,,,900,,,,3,,,,
11,111007,7,4,,,,400,,,,1,,,,
11,111008,8,5,,40,15,600,,,,4,,,,
11,111009,9,5,,40,15,600,,,,4,,,,
11,111010,10,2,,40,15,1000,,,,8,,,,
11,111011,11,6,,40,15,600,,,,4,,,,
11,111012,12,6,,40,15,600,,,,4,,,,
11,111013,13,7,,40,15,1000,,,,8,,,,
11,111014,14,9,,70,17,700,,,,5,,,,
11,111015,15,10,,70,17,2000,,,,10,,,,
11,111016,16,10,,70,17,700,,,,5,,,,
11,111017,17,11,,70,17,2000,,,,10,,,,
11,111018,18,13,,70,17,700,,,,5,,,,
11,111019,19,13,,70,17,700,,,,5,,,,
11,111020,20,8,,70,17,2000,,,,10,,,,
11,211001,21,20,4,120,15,3000,,,,10,,,,
11,211002,22,20,4,120,15,3000,,,,10,,,,
11,211003,23,14,4,120,15,3000,,,,10,,,,
11,211004,24,15,4,120,15,3000,,,,10,,,,
11,211005,25,15,4,120,15,3000,,,,10,,,,
11,211006,26,16,4,120,15,3000,,,,10,,,,
11,211007,27,17,4,120,15,3000,,,,10,,,,
11,211008,28,17,4,120,15,3000,,,,10,,,,
11,211009,29,18,4,120,15,5000,,,,10,,,,
11,211010,30,19,4,120,15,3000,,,,10,,,,
11,211011,31,21,4,120,15,5000,,,,10,,,,
11,211012,32,23,4,120,15,5000,,,,10,,,,
11,211013,33,24,4,120,15,3000,,,,10,,,,
11,211014,34,26,4,120,15,5000,,,,10,,,,
11,211015,35,31,4,250,23,4000,,,,20,,,,
11,211016,36,31,4,250,23,4000,,,,20,,,,
11,211017,37,22,4,250,23,8000,,,,30,,,,
11,211018,38,32,4,250,23,4000,,,,20,,,,
11,211019,39,32,4,250,23,4000,,,,20,,,,
11,211020,40,33,4,250,23,8000,,,,30,,,,
11,211021,41,25,4,250,23,8000,,,,30,,,,
11,211022,42,34,4,250,23,4000,,,,20,,,,
11,211023,43,34,4,250,23,4000,,,,20,,,,
11,211024,44,28,4,250,23,8000,,,,30,,,,
11,211025,45,29,4,250,23,4000,,,,20,,,,
11,211026,46,29,4,250,23,4000,,,,20,,,,
11,211027,47,37,4,400,25,4000,,,,20,,,,
11,211028,48,37,4,400,25,4000,,,,20,,,,
11,211029,49,38,4,400,25,10000,,,,60,,,,
11,211030,50,39,4,400,25,10000,,,,60,,,,
11,211031,51,40,4,400,25,4000,,,,20,,,,
11,211032,52,40,4,400,25,4000,,,,20,,,,
11,211033,53,41,4,400,25,4000,,,,20,,,,
11,211034,54,41,4,400,25,4000,,,,20,,,,
11,211035,55,43,4,400,25,10000,,,,60,,,,
11,211036,56,44,4,400,25,4000,,,,20,,,,
11,211037,57,44,4,400,25,4000,,,,20,,,,
11,211038,58,45,4,400,25,10000,,,,60,,,,
11,211039,59,46,4,400,25,10000,,,,60,,,,
11,211040,60,35,4,400,25,10000,,,,60,,,,
11,311001,61,60,7,560,40,5000,,,,10,,,,
11,311002,62,47,7,560,40,11000,,,,30,,,,
11,311003,63,49,7,560,40,5000,,,,10,,,,
11,311004,64,49,7,560,40,5000,,,,10,,,,
11,311005,65,50,7,560,40,5000,,,,10,,,,
11,311006,66,50,7,560,40,11000,,,,30,,,,
11,311007,67,55,7,560,40,5000,,,,10,,,,
11,311008,68,55,7,560,40,5000,,,,10,,,,
11,311009,69,56,7,560,40,11000,,,,30,,,,
11,311010,70,58,7,560,40,5000,,,,10,,,,
11,311011,71,58,7,560,40,5000,,,,10,,,,
11,311012,72,59,7,560,40,5000,,,,10,,,,
11,311013,73,59,7,560,40,5000,,,,10,,,,
11,311014,74,60,7,560,40,11000,,,,30,,,,
11,311015,75,61,7,690,60,15000,,,,70,,,,
11,311016,76,62,7,690,60,8000,,,,30,,,,
11,311017,77,62,7,690,60,8000,,,,30,,,,
11,311018,78,66,7,690,60,8000,,,,30,,,,
11,311019,79,66,7,690,60,8000,,,,30,,,,
11,311020,80,67,7,690,60,15000,,,,70,,,,
11,311021,81,69,7,690,60,8000,,,,30,,,,
11,311022,82,69,7,690,60,8000,,,,30,,,,
11,311023,83,71,7,690,60,15000,,,,70,,,,
11,311024,84,72,7,690,60,15000,,,,70,,,,
11,311025,85,74,7,690,60,8000,,,,30,,,,
11,311026,86,74,7,690,60,8000,,,,30,,,,
11,311027,87,75,7,820,67,8000,,,,40,,,,
11,311028,88,75,7,820,67,8000,,,,40,,,,
11,311029,89,77,7,820,67,21000,,,,110,,,,
11,311030,90,78,7,820,67,8000,,,,40,,,,
11,311031,91,79,7,820,67,21000,,,,110,,,,
11,311032,92,80,7,820,67,8000,,,,40,,,,
11,311033,93,80,7,820,67,8000,,,,40,,,,
11,311034,94,81,7,820,67,21000,,,,110,,,,
11,311035,95,82,7,820,67,8000,,,,40,,,,
11,311036,96,83,7,820,67,8000,,,,40,,,,
11,311037,97,83,7,820,67,8000,,,,40,,,,
11,311038,98,84,7,820,67,8000,,,,40,,,,
11,311039,99,84,7,820,67,8000,,,,40,,,,
11,311040,100,85,7,820,67,21000,,,,110,,,,
12,112001,1,,,,,,,,,,,,,1
12,112002,2,,,,,400,,,,1,,,,
12,112003,3,,,,,400,,1,,,,,,
12,112004,4,,,,,400,,,,1,,,,
12,112005,5,1,,,,900,,,,3,,,,
12,112006,6,3,,,,900,,,,3,,,,
12,112007,7,4,,,,400,,,,1,,,,
12,112008,8,5,,40,15,600,,,,4,,,,
12,112009,9,5,,40,15,600,,4,,,,,,
12,112010,10,2,,40,15,1000,,8,,,,,,
12,112011,11,6,,40,15,600,,,,4,,,,
12,112012,12,6,,40,15,600,,,,4,,,,
12,112013,13,7,,40,15,1000,,,,8,,,,
12,112014,14,9,,70,17,700,,,,5,,,,
12,112015,15,10,,70,17,2000,,,,10,,,,
12,112016,16,10,,70,17,700,,,,5,,,,
12,112017,17,11,,70,17,2000,,10,,,,,,
12,112018,18,13,,70,17,700,,5,,,,,,
12,112019,19,13,,70,17,700,,,,5,,,,
12,112020,20,8,,70,17,2000,,,,10,,,,
12,212001,21,20,4,120,15,3000,,,,10,,,,
12,212002,22,20,4,120,15,3000,,10,,,,,,
12,212003,23,14,4,120,15,3000,,,,10,,,,
12,212004,24,15,4,120,15,3000,,,,10,,,,
12,212005,25,15,4,120,15,3000,,10,,,,,,
12,212006,26,16,4,120,15,3000,,,,10,,,,
12,212007,27,17,4,120,15,3000,,,,10,,,,
12,212008,28,17,4,120,15,3000,,10,,,,,,
12,212009,29,18,4,120,15,5000,,,,10,,,,
12,212010,30,19,4,120,15,3000,,,,10,,,,
12,212011,31,21,4,120,15,5000,,,,10,,,,
12,212012,32,23,4,120,15,5000,,10,,,,,,
12,212013,33,24,4,120,15,3000,,,,10,,,,
12,212014,34,26,4,120,15,5000,,,,10,,,,
12,212015,35,31,4,250,23,4000,,,,20,,,,
12,212016,36,31,4,250,23,4000,,20,,,,,,
12,212017,37,22,4,250,23,8000,,,,30,,,,
12,212018,38,32,4,250,23,4000,,20,,,,,,
12,212019,39,32,4,250,23,4000,,,,20,,,,
12,212020,40,33,4,250,23,8000,,,,30,,,,
12,212021,41,25,4,250,23,8000,,,,30,,,,
12,212022,42,34,4,250,23,4000,,20,,,,,,
12,212023,43,34,4,250,23,4000,,,,20,,,,
12,212024,44,28,4,250,23,8000,,,,30,,,,
12,212025,45,29,4,250,23,4000,,,,20,,,,
12,212026,46,29,4,250,23,4000,,20,,,,,,
12,212027,47,37,4,400,25,4000,,20,,,,,,
12,212028,48,37,4,400,25,4000,,,,20,,,,
12,212029,49,38,4,400,25,10000,,,,60,,,,
12,212030,50,39,4,400,25,10000,,60,,,,,,
12,212031,51,40,4,400,25,4000,,,,20,,,,
12,212032,52,40,4,400,25,4000,,,,20,,,,
12,212033,53,41,4,400,25,4000,,,,20,,,,
12,212034,54,41,4,400,25,4000,,,,20,,,,
12,212035,55,43,4,400,25,10000,,60,,,,,,
12,212036,56,44,4,400,25,4000,,,,20,,,,
12,212037,57,44,4,400,25,4000,,,,20,,,,
12,212038,58,45,4,400,25,10000,,,,60,,,,
12,212039,59,46,4,400,25,10000,,60,,,,,,
12,212040,60,35,4,400,25,10000,,,,60,,,,
12,312001,61,60,7,560,40,5000,,,,10,,,,
12,312002,62,47,7,560,40,11000,,30,,,,,,
12,312003,63,49,7,560,40,5000,,,,10,,,,
12,312004,64,49,7,560,40,5000,,,,10,,,,
12,312005,65,50,7,560,40,5000,,10,,,,,,
12,312006,66,50,7,560,40,11000,,,,30,,,,
12,312007,67,55,7,560,40,5000,,,,10,,,,
12,312008,68,55,7,560,40,5000,,10,,,,,,
12,312009,69,56,7,560,40,11000,,,,30,,,,
12,312010,70,58,7,560,40,5000,,,,10,,,,
12,312011,71,58,7,560,40,5000,,,,10,,,,
12,312012,72,59,7,560,40,5000,,10,,,,,,
12,312013,73,59,7,560,40,5000,,,,10,,,,
12,312014,74,60,7,560,40,11000,,,,30,,,,
12,312015,75,61,7,690,60,15000,,,,70,,,,
12,312016,76,62,7,690,60,8000,,30,,,,,,
12,312017,77,62,7,690,60,8000,,,,30,,,,
12,312018,78,66,7,690,60,8000,,30,,,,,,
12,312019,79,66,7,690,60,8000,,,,30,,,,
12,312020,80,67,7,690,60,15000,,,,70,,,,
12,312021,81,69,7,690,60,8000,,,,30,,,,
12,312022,82,69,7,690,60,8000,,30,,,,,,
12,312023,83,71,7,690,60,15000,,,,70,,,,
12,312024,84,72,7,690,60,15000,,,,70,,,,
12,312025,85,74,7,690,60,8000,,,,30,,,,
12,312026,86,74,7,690,60,8000,,30,,,,,,
12,312027,87,75,7,820,67,8000,,40,,,,,,
12,312028,88,75,7,820,67,8000,,,,40,,,,
12,312029,89,77,7,820,67,21000,,,,110,,,,
12,312030,90,78,7,820,67,8000,,40,,,,,,
12,312031,91,79,7,820,67,21000,,,,110,,,,
12,312032,92,80,7,820,67,8000,,,,40,,,,
12,312033,93,80,7,820,67,8000,,,,40,,,,
12,312034,94,81,7,820,67,21000,,,,110,,,,
12,312035,95,82,7,820,67,8000,,40,,,,,,
12,312036,96,83,7,820,67,8000,,,,40,,,,
12,312037,97,83,7,820,67,8000,,,,40,,,,
12,312038,98,84,7,820,67,8000,,,,40,,,,
12,312039,99,84,7,820,67,8000,,40,,,,,,
12,312040,100,85,7,820,67,21000,,,,110,,,,
13,113001,1,,,,,,,,,,,,,1
13,113002,2,,,,,400,,,,,,1,,
13,113003,3,,,,,400,,,,,,1,,
13,113004,4,,,,,400,,,,,,1,,
13,113005,5,1,,,,900,,,,,,3,,
13,113006,6,3,,,,900,,,,,,3,,
13,113007,7,4,,,,400,,,,,,1,,
13,113008,8,5,,40,15,600,,,,,,4,,
13,113009,9,5,,40,15,600,,,,,,4,,
13,113010,10,2,,40,15,1000,,,,,,8,,
13,113011,11,6,,40,15,600,,,,,,4,,
13,113012,12,6,,40,15,600,,,,,,4,,
13,113013,13,7,,40,15,1000,,,,,,8,,
13,113014,14,9,,70,17,700,,,,,,5,,
13,113015,15,10,,70,17,2000,,,,,,10,,
13,113016,16,10,,70,17,700,,,,,,5,,
13,113017,17,11,,70,17,2000,,,,,,10,,
13,113018,18,13,,70,17,700,,,,,,5,,
13,113019,19,13,,70,17,700,,,,,,5,,
13,113020,20,8,,70,17,2000,,,,,,10,,
13,213001,21,20,4,120,15,3000,,,,,,10,,
13,213002,22,20,4,120,15,3000,,,,,,10,,
13,213003,23,14,4,120,15,3000,,,,,,10,,
13,213004,24,15,4,120,15,3000,,,,,,10,,
13,213005,25,15,4,120,15,3000,,,,,,10,,
13,213006,26,16,4,120,15,3000,,,,,,10,,
13,213007,27,17,4,120,15,3000,,,,,,10,,
13,213008,28,17,4,120,15,3000,,,,,,10,,
13,213009,29,18,4,120,15,5000,,,,,,10,,
13,213010,30,19,4,120,15,3000,,,,,,10,,
13,213011,31,21,4,120,15,5000,,,,,,10,,
13,213012,32,23,4,120,15,5000,,,,,,10,,
13,213013,33,24,4,120,15,3000,,,,,,10,,
13,213014,34,26,4,120,15,5000,,,,,,10,,
13,213015,35,31,4,250,23,4000,,,,,,20,,
13,213016,36,31,4,250,23,4000,,,,,,20,,
13,213017,37,22,4,250,23,8000,,,,,,30,,
13,213018,38,32,4,250,23,4000,,,,,,20,,
13,213019,39,32,4,250,23,4000,,,,,,20,,
13,213020,40,33,4,250,23,8000,,,,,,30,,
13,213021,41,25,4,250,23,8000,,,,,,30,,
13,213022,42,34,4,250,23,4000,,,,,,20,,
13,213023,43,34,4,250,23,4000,,,,,,20,,
13,213024,44,28,4,250,23,8000,,,,,,30,,
13,213025,45,29,4,250,23,4000,,,,,,20,,
13,213026,46,29,4,250,23,4000,,,,,,20,,
13,213027,47,37,4,400,25,4000,,,,,,20,,
13,213028,48,37,4,400,25,4000,,,,,,20,,
13,213029,49,38,4,400,25,10000,,,,,,60,,
13,213030,50,39,4,400,25,10000,,,,,,60,,
13,213031,51,40,4,400,25,4000,,,,,,20,,
13,213032,52,40,4,400,25,4000,,,,,,20,,
13,213033,53,41,4,400,25,4000,,,,,,20,,
13,213034,54,41,4,400,25,4000,,,,,,20,,
13,213035,55,43,4,400,25,10000,,,,,,60,,
13,213036,56,44,4,400,25,4000,,,,,,20,,
13,213037,57,44,4,400,25,4000,,,,,,20,,
13,213038,58,45,4,400,25,10000,,,,,,60,,
13,213039,59,46,4,400,25,10000,,,,,,60,,
13,213040,60,35,4,400,25,10000,,,,,,60,,
13,313001,61,60,7,560,40,5000,,,,,,10,,
13,313002,62,47,7,560,40,11000,,,,,,30,,
13,313003,63,49,7,560,40,5000,,,,,,10,,
13,313004,64,49,7,560,40,5000,,,,,,10,,
13,313005,65,50,7,560,40,5000,,,,,,10,,
13,313006,66,50,7,560,40,11000,,,,,,30,,
13,313007,67,55,7,560,40,5000,,,,,,10,,
13,313008,68,55,7,560,40,5000,,,,,,10,,
13,313009,69,56,7,560,40,11000,,,,,,30,,
13,313010,70,58,7,560,40,5000,,,,,,10,,
13,313011,71,58,7,560,40,5000,,,,,,10,,
13,313012,72,59,7,560,40,5000,,,,,,10,,
13,313013,73,59,7,560,40,5000,,,,,,10,,
13,313014,74,60,7,560,40,11000,,,,,,30,,
13,313015,75,61,7,690,60,15000,,,,,,70,,
13,313016,76,62,7,690,60,8000,,,,,,30,,
13,313017,77,62,7,690,60,8000,,,,,,30,,
13,313018,78,66,7,690,60,8000,,,,,,30,,
13,313019,79,66,7,690,60,8000,,,,,,30,,
13,313020,80,67,7,690,60,15000,,,,,,70,,
13,313021,81,69,7,690,60,8000,,,,,,30,,
13,313022,82,69,7,690,60,8000,,,,,,30,,
13,313023,83,71,7,690,60,15000,,,,,,70,,
13,313024,84,72,7,690,60,15000,,,,,,70,,
13,313025,85,74,7,690,60,8000,,,,,,30,,
13,313026,86,74,7,690,60,8000,,,,,,30,,
13,313027,87,75,7,820,67,8000,,,,,,40,,
13,313028,88,75,7,820,67,8000,,,,,,40,,
13,313029,89,77,7,820,67,21000,,,,,,110,,
13,313030,90,78,7,820,67,8000,,,,,,40,,
13,313031,91,79,7,820,67,21000,,,,,,110,,
13,313032,92,80,7,820,67,8000,,,,,,40,,
13,313033,93,80,7,820,67,8000,,,,,,40,,
13,313034,94,81,7,820,67,21000,,,,,,110,,
13,313035,95,82,7,820,67,8000,,,,,,40,,
13,313036,96,83,7,820,67,8000,,,,,,40,,
13,313037,97,83,7,820,67,8000,,,,,,40,,
13,313038,98,84,7,820,67,8000,,,,,,40,,
13,313039,99,84,7,820,67,8000,,,,,,40,,
13,313040,100,85,7,820,67,21000,,,,,,110,,
14,114001,1,,,,,,,,,,,,,1
14,114002,2,,,,,400,,,,,,1,,
14,114003,3,,,,,400,1,,,,,,,
14,114004,4,,,,,400,,,,,,1,,
14,114005,5,1,,,,900,,,,,,3,,
14,114006,6,3,,,,900,,,,,,3,,
14,114007,7,4,,,,400,,,,,,1,,
14,114008,8,5,,40,15,600,,,,,,4,,
14,114009,9,5,,40,15,600,4,,,,,,,
14,114010,10,2,,40,15,1000,8,,,,,,,
14,114011,11,6,,40,15,600,,,,,,4,,
14,114012,12,6,,40,15,600,,,,,,4,,
14,114013,13,7,,40,15,1000,,,,,,8,,
14,114014,14,9,,70,17,700,,,,,,5,,
14,114015,15,10,,70,17,2000,,,,,,10,,
14,114016,16,10,,70,17,700,,,,,,5,,
14,114017,17,11,,70,17,2000,10,,,,,,,
14,114018,18,13,,70,17,700,5,,,,,,,
14,114019,19,13,,70,17,700,,,,,,5,,
14,114020,20,8,,70,17,2000,,,,,,10,,
14,214001,21,20,4,120,15,3000,,,,,,10,,
14,214002,22,20,4,120,15,3000,10,,,,,,,
14,214003,23,14,4,120,15,3000,,,,,,10,,
14,214004,24,15,4,120,15,3000,,,,,,10,,
14,214005,25,15,4,120,15,3000,10,,,,,,,
14,214006,26,16,4,120,15,3000,,,,,,10,,
14,214007,27,17,4,120,15,3000,,,,,,10,,
14,214008,28,17,4,120,15,3000,10,,,,,,,
14,214009,29,18,4,120,15,5000,,,,,,10,,
14,214010,30,19,4,120,15,3000,,,,,,10,,
14,214011,31,21,4,120,15,5000,,,,,,10,,
14,214012,32,23,4,120,15,5000,10,,,,,,,
14,214013,33,24,4,120,15,3000,,,,,,10,,
14,214014,34,26,4,120,15,5000,,,,,,10,,
14,214015,35,31,4,250,23,4000,,,,,,20,,
14,214016,36,31,4,250,23,4000,20,,,,,,,
14,214017,37,22,4,250,23,8000,,,,,,30,,
14,214018,38,32,4,250,23,4000,20,,,,,,,
14,214019,39,32,4,250,23,4000,,,,,,20,,
14,214020,40,33,4,250,23,8000,,,,,,30,,
14,214021,41,25,4,250,23,8000,,,,,,30,,
14,214022,42,34,4,250,23,4000,20,,,,,,,
14,214023,43,34,4,250,23,4000,,,,,,20,,
14,214024,44,28,4,250,23,8000,,,,,,30,,
14,214025,45,29,4,250,23,4000,,,,,,20,,
14,214026,46,29,4,250,23,4000,20,,,,,,,
14,214027,47,37,4,400,25,4000,20,,,,,,,
14,214028,48,37,4,400,25,4000,,,,,,20,,
14,214029,49,38,4,400,25,10000,,,,,,60,,
14,214030,50,39,4,400,25,10000,60,,,,,,,
14,214031,51,40,4,400,25,4000,,,,,,20,,
14,214032,52,40,4,400,25,4000,,,,,,20,,
14,214033,53,41,4,400,25,4000,,,,,,20,,
14,214034,54,41,4,400,25,4000,,,,,,20,,
14,214035,55,43,4,400,25,10000,60,,,,,,,
14,214036,56,44,4,400,25,4000,,,,,,20,,
14,214037,57,44,4,400,25,4000,,,,,,20,,
14,214038,58,45,4,400,25,10000,,,,,,60,,
14,214039,59,46,4,400,25,10000,60,,,,,,,
14,214040,60,35,4,400,25,10000,,,,,,60,,
14,314001,61,60,7,560,40,5000,,,,,,10,,
14,314002,62,47,7,560,40,11000,30,,,,,,,
14,314003,63,49,7,560,40,5000,,,,,,10,,
14,314004,64,49,7,560,40,5000,,,,,,10,,
14,314005,65,50,7,560,40,5000,10,,,,,,,
14,314006,66,50,7,560,40,11000,,,,,,30,,
14,314007,67,55,7,560,40,5000,,,,,,10,,
14,314008,68,55,7,560,40,5000,10,,,,,,,
14,314009,69,56,7,560,40,11000,,,,,,30,,
14,314010,70,58,7,560,40,5000,,,,,,10,,
14,314011,71,58,7,560,40,5000,,,,,,10,,
14,314012,72,59,7,560,40,5000,10,,,,,,,
14,314013,73,59,7,560,40,5000,,,,,,10,,
14,314014,74,60,7,560,40,11000,,,,,,30,,
14,314015,75,61,7,690,60,15000,,,,,,70,,
14,314016,76,62,7,690,60,8000,30,,,,,,,
14,314017,77,62,7,690,60,8000,,,,,,30,,
14,314018,78,66,7,690,60,8000,30,,,,,,,
14,314019,79,66,7,690,60,8000,,,,,,30,,
14,314020,80,67,7,690,60,15000,,,,,,70,,
14,314021,81,69,7,690,60,8000,,,,,,30,,
14,314022,82,69,7,690,60,8000,30,,,,,,,
14,314023,83,71,7,690,60,15000,,,,,,70,,
14,314024,84,72,7,690,60,15000,,,,,,70,,
14,314025,85,74,7,690,60,8000,,,,,,30,,
14,314026,86,74,7,690,60,8000,30,,,,,,,
14,314027,87,75,7,820,67,8000,40,,,,,,,
14,314028,88,75,7,820,67,8000,,,,,,40,,
14,314029,89,77,7,820,67,21000,,,,,,110,,
14,314030,90,78,7,820,67,8000,40,,,,,,,
14,314031,91,79,7,820,67,21000,,,,,,110,,
14,314032,92,80,7,820,67,8000,,,,,,40,,
14,314033,93,80,7,820,67,8000,,,,,,40,,
14,314034,94,81,7,820,67,21000,,,,,,110,,
14,314035,95,82,7,820,67,8000,40,,,,,,,
14,314036,96,83,7,820,67,8000,,,,,,40,,
14,314037,97,83,7,820,67,8000,,,,,,40,,
14,314038,98,84,7,820,67,8000,,,,,,40,,
14,314039,99,84,7,820,67,8000,40,,,,,,,
14,314040,100,85,7,820,67,21000,,,,,,110,,
15,102001,1,,,,,,,,,,,,,1
15,102002,2,,,,,500,,,,,,,,
15,102003,3,,,,,500,,,,,,,,
15,102004,4,,,,,500,,,,,,,,
15,102005,5,1,,,,1000,,,,,,,,
15,102006,6,3,,,,1000,,,,,,,,
15,102007,7,4,,,,500,,,,,,,,
15,102008,8,5,,40,15,800,,,,,,,1,
15,102009,9,5,,40,15,800,,,,,,,1,
15,102010,10,2,,40,15,2000,,,,,,,3,
15,102011,11,6,,40,15,800,,,,,,,1,
15,102012,12,6,,40,15,800,,,,,,,1,
15,102013,13,7,,40,15,2000,,,,,,,3,
15,102014,14,9,,70,17,900,,,,,,,2,
15,102015,15,10,,70,17,2000,,,,,,,5,
15,102016,16,10,,70,17,900,,,,,,,2,
15,102017,17,11,,70,17,2000,,,,,,,5,
15,102018,18,13,,70,17,900,,,,,,,2,
15,102019,19,13,,70,17,900,,,,,,,2,
15,102020,20,8,,70,17,2000,,,,,,,5,
15,202001,21,20,4,120,15,3000,,,,,,,2,
15,202002,22,20,4,120,15,3000,,,,,,,2,
15,202003,23,14,4,120,15,3000,,,,,,,2,
15,202004,24,15,4,120,15,3000,,,,,,,2,
15,202005,25,15,4,120,15,3000,,,,,,,2,
15,202006,26,16,4,120,15,3000,,,,,,,2,
15,202007,27,17,4,120,15,3000,,,,,,,2,
15,202008,28,17,4,120,15,3000,,,,,,,2,
15,202009,29,18,4,120,15,6000,,,,,,,3,
15,202010,30,19,4,120,15,3000,,,,,,,2,
15,202011,31,21,4,120,15,6000,,,,,,,3,
15,202012,32,23,4,120,15,6000,,,,,,,3,
15,202013,33,24,4,120,15,3000,,,,,,,2,
15,202014,34,26,4,120,15,6000,,,,,,,3,
15,202015,35,31,4,250,23,5000,,,,,,,3,
15,202016,36,31,4,250,23,5000,,,,,,,3,
15,202017,37,22,4,250,23,10000,,,,,,,6,
15,202018,38,32,4,250,23,5000,,,,,,,3,
15,202019,39,32,4,250,23,5000,,,,,,,3,
15,202020,40,33,4,250,23,10000,,,,,,,6,
15,202021,41,25,4,250,23,10000,,,,,,,6,
15,202022,42,34,4,250,23,5000,,,,,,,3,
15,202023,43,34,4,250,23,5000,,,,,,,3,
15,202024,44,28,4,250,23,10000,,,,,,,6,
15,202025,45,29,4,250,23,5000,,,,,,,3,
15,202026,46,29,4,250,23,5000,,,,,,,3,
15,202027,47,37,4,400,25,6000,,,,,,,3,
15,202028,48,37,4,400,25,6000,,,,,,,3,
15,202029,49,38,4,400,25,15000,,,,,,,8,
15,202030,50,39,4,400,25,15000,,,,,,,8,
15,202031,51,40,4,400,25,6000,,,,,,,3,
15,202032,52,40,4,400,25,6000,,,,,,,3,
15,202033,53,41,4,400,25,6000,,,,,,,3,
15,202034,54,41,4,400,25,6000,,,,,,,3,
15,202035,55,43,4,400,25,15000,,,,,,,8,
15,202036,56,44,4,400,25,6000,,,,,,,3,
15,202037,57,44,4,400,25,6000,,,,,,,3,
15,202038,58,45,4,400,25,15000,,,,,,,8,
15,202039,59,46,4,400,25,15000,,,,,,,8,
15,202040,60,35,4,400,25,15000,,,,,,,8,
15,302001,61,60,7,560,40,6000,,,,,,,10,
15,302002,62,47,7,560,40,12000,,,,,,,10,
15,302003,63,49,7,560,40,6000,,,,,,,10,
15,302004,64,49,7,560,40,6000,,,,,,,10,
15,302005,65,50,7,560,40,6000,,,,,,,10,
15,302006,66,50,7,560,40,12000,,,,,,,10,
15,302007,67,55,7,560,40,6000,,,,,,,10,
15,302008,68,55,7,560,40,6000,,,,,,,10,
15,302009,69,56,7,560,40,12000,,,,,,,10,
15,302010,70,58,7,560,40,6000,,,,,,,10,
15,302011,71,58,7,560,40,6000,,,,,,,10,
15,302012,72,59,7,560,40,6000,,,,,,,10,
15,302013,73,59,7,560,40,6000,,,,,,,10,
15,302014,74,60,7,560,40,12000,,,,,,,10,
15,302015,75,61,7,690,60,20000,,,,,,,20,
15,302016,76,62,7,690,60,10000,,,,,,,10,
15,302017,77,62,7,690,60,10000,,,,,,,10,
15,302018,78,66,7,690,60,10000,,,,,,,10,
15,302019,79,66,7,690,60,10000,,,,,,,10,
15,302020,80,67,7,690,60,20000,,,,,,,20,
15,302021,81,69,7,690,60,10000,,,,,,,10,
15,302022,82,69,7,690,60,10000,,,,,,,10,
15,302023,83,71,7,690,60,20000,,,,,,,20,
15,302024,84,72,7,690,60,20000,,,,,,,20,
15,302025,85,74,7,690,60,10000,,,,,,,10,
15,302026,86,74,7,690,60,10000,,,,,,,10,
15,302027,87,75,7,820,67,12000,,,,,,,10,
15,302028,88,75,7,820,67,12000,,,,,,,10,
15,302029,89,77,7,820,67,29000,,,,,,,30,
15,302030,90,78,7,820,67,12000,,,,,,,10,
15,302031,91,79,7,820,67,29000,,,,,,,30,
15,302032,92,80,7,820,67,12000,,,,,,,10,
15,302033,93,80,7,820,67,12000,,,,,,,10,
15,302034,94,81,7,820,67,29000,,,,,,,30,
15,302035,95,82,7,820,67,12000,,,,,,,10,
15,302036,96,83,7,820,67,12000,,,,,,,10,
15,302037,97,83,7,820,67,12000,,,,,,,10,
15,302038,98,84,7,820,67,12000,,,,,,,10,
15,302039,99,84,7,820,67,12000,,,,,,,10,
15,302040,100,85,7,820,67,29000,,,,,,,30,
16,102001,1,,,,,,,,,,,,,1
16,102002,2,,,,,300,,,,,,,4,
16,102003,3,,,,,300,,,,,,,4,
16,102004,4,,,,,300,,,,,,,4,
16,102005,5,1,,,,600,,,,,,,8,
16,102006,6,3,,,,600,,,,,,,8,
16,102007,7,4,,,,300,,,,,,,4,
16,102008,8,5,,40,15,400,,,,,,,8,
16,102009,9,5,,40,15,400,,,,,,,8,
16,102010,10,2,,40,15,700,,,,,,,20,
16,102011,11,6,,40,15,400,,,,,,,8,
16,102012,12,6,,40,15,400,,,,,,,8,
16,102013,13,7,,40,15,700,,,,,,,20,
16,102014,14,9,,70,17,300,,,,,,,10,
16,102015,15,10,,70,17,800,,,,,,,30,
16,102016,16,10,,70,17,300,,,,,,,10,
16,102017,17,11,,70,17,800,,,,,,,30,
16,102018,18,13,,70,17,300,,,,,,,10,
16,102019,19,13,,70,17,300,,,,,,,10,
16,102020,20,8,,70,17,800,,,,,,,30,
16,202001,21,20,4,120,15,2000,,,,,,,20,
16,202002,22,20,4,120,15,2000,,,,,,,20,
16,202003,23,14,4,120,15,2000,,,,,,,20,
16,202004,24,15,4,120,15,2000,,,,,,,20,
16,202005,25,15,4,120,15,2000,,,,,,,20,
16,202006,26,16,4,120,15,2000,,,,,,,20,
16,202007,27,17,4,120,15,2000,,,,,,,20,
16,202008,28,17,4,120,15,2000,,,,,,,20,
16,202009,29,18,4,120,15,3000,,,,,,,30,
16,202010,30,19,4,120,15,2000,,,,,,,20,
16,202011,31,21,4,120,15,3000,,,,,,,30,
16,202012,32,23,4,120,15,3000,,,,,,,30,
16,202013,33,24,4,120,15,2000,,,,,,,20,
16,202014,34,26,4,120,15,3000,,,,,,,30,
16,202015,35,31,4,250,23,2000,,,,,,,30,
16,202016,36,31,4,250,23,2000,,,,,,,30,
16,202017,37,22,4,250,23,4000,,,,,,,70,
16,202018,38,32,4,250,23,2000,,,,,,,30,
16,202019,39,32,4,250,23,2000,,,,,,,30,
16,202020,40,33,4,250,23,4000,,,,,,,70,
16,202021,41,25,4,250,23,4000,,,,,,,70,
16,202022,42,34,4,250,23,2000,,,,,,,30,
16,202023,43,34,4,250,23,2000,,,,,,,30,
16,202024,44,28,4,250,23,4000,,,,,,,70,
16,202025,45,29,4,250,23,2000,,,,,,,30,
16,202026,46,29,4,250,23,2000,,,,,,,30,
16,202027,47,37,4,400,25,2000,,,,,,,50,
16,202028,48,37,4,400,25,2000,,,,,,,50,
16,202029,49,38,4,400,25,5000,,,,,,,110,
16,202030,50,39,4,400,25,5000,,,,,,,110,
16,202031,51,40,4,400,25,2000,,,,,,,50,
16,202032,52,40,4,400,25,2000,,,,,,,50,
16,202033,53,41,4,400,25,2000,,,,,,,50,
16,202034,54,41,4,400,25,2000,,,,,,,50,
16,202035,55,43,4,400,25,5000,,,,,,,110,
16,202036,56,44,4,400,25,2000,,,,,,,50,
16,202037,57,44,4,400,25,2000,,,,,,,50,
16,202038,58,45,4,400,25,5000,,,,,,,110,
16,202039,59,46,4,400,25,5000,,,,,,,110,
16,202040,60,35,4,400,25,5000,,,,,,,110,
16,302001,61,60,7,560,40,3000,,,,,,,30,
16,302002,62,47,7,560,40,7000,,,,,,,70,
16,302003,63,49,7,560,40,3000,,,,,,,30,
16,302004,64,49,7,560,40,3000,,,,,,,30,
16,302005,65,50,7,560,40,3000,,,,,,,30,
16,302006,66,50,7,560,40,7000,,,,,,,70,
16,302007,67,55,7,560,40,3000,,,,,,,30,
16,302008,68,55,7,560,40,3000,,,,,,,30,
16,302009,69,56,7,560,40,7000,,,,,,,70,
16,302010,70,58,7,560,40,3000,,,,,,,30,
16,302011,71,58,7,560,40,3000,,,,,,,30,
16,302012,72,59,7,560,40,3000,,,,,,,30,
16,302013,73,59,7,560,40,3000,,,,,,,30,
16,302014,74,60,7,560,40,7000,,,,,,,70,
16,302015,75,61,7,690,60,9000,,,,,,,100,
16,302016,76,62,7,690,60,4000,,,,,,,100,
16,302017,77,62,7,690,60,4000,,,,,,,100,
16,302018,78,66,7,690,60,4000,,,,,,,100,
16,302019,79,66,7,690,60,4000,,,,,,,100,
16,302020,80,67,7,690,60,9000,,,,,,,100,
16,302021,81,69,7,690,60,4000,,,,,,,100,
16,302022,82,69,7,690,60,4000,,,,,,,100,
16,302023,83,71,7,690,60,9000,,,,,,,100,
16,302024,84,72,7,690,60,9000,,,,,,,100,
16,302025,85,74,7,690,60,4000,,,,,,,100,
16,302026,86,74,7,690,60,4000,,,,,,,100,
16,302027,87,75,7,820,67,4000,,,,,,,100,
16,302028,88,75,7,820,67,4000,,,,,,,100,
16,302029,89,77,7,820,67,10000,,,,,,,200,
16,302030,90,78,7,820,67,4000,,,,,,,100,
16,302031,91,79,7,820,67,10000,,,,,,,200,
16,302032,92,80,7,820,67,4000,,,,,,,100,
16,302033,93,80,7,820,67,4000,,,,,,,100,
16,302034,94,81,7,820,67,10000,,,,,,,200,
16,302035,95,82,7,820,67,4000,,,,,,,100,
16,302036,96,83,7,820,67,4000,,,,,,,100,
16,302037,97,83,7,820,67,4000,,,,,,,100,
16,302038,98,84,7,820,67,4000,,,,,,,100,
16,302039,99,84,7,820,67,4000,,,,,,,100,
16,302040,100,85,7,820,67,10000,,,,,,,200,
17,102001,1,,,,,,,,,,,,,1
17,102002,2,,,,,300,,,,,,,4,
17,102003,3,,,,,300,,,,,,,4,
17,102004,4,,,,,300,,,,,,,4,
17,102005,5,1,,,,600,,,,,,,8,
17,102006,6,3,,,,600,,,,,,,8,
17,102007,7,4,,,,300,,,,,,,4,
17,102008,8,5,,40,15,400,,,,,,,8,
17,102009,9,5,,40,15,400,,,,,,,8,
17,102010,10,2,,40,15,700,,,,,,,20,
17,102011,11,6,,40,15,400,,,,,,,8,
17,102012,12,6,,40,15,400,,,,,,,8,
17,102013,13,7,,40,15,700,,,,,,,20,
17,102014,14,9,,70,17,300,,,,,,,10,
17,102015,15,10,,70,17,800,,,,,,,30,
17,102016,16,10,,70,17,300,,,,,,,10,
17,102017,17,11,,70,17,800,,,,,,,30,
17,102018,18,13,,70,17,300,,,,,,,10,
17,102019,19,13,,70,17,300,,,,,,,10,
17,102020,20,8,,70,17,800,,,,,,,30,
17,202001,21,20,4,120,15,2000,,,,,,,20,
17,202002,22,20,4,120,15,2000,,,,,,,20,
17,202003,23,14,4,120,15,2000,,,,,,,20,
17,202004,24,15,4,120,15,2000,,,,,,,20,
17,202005,25,15,4,120,15,2000,,,,,,,20,
17,202006,26,16,4,120,15,2000,,,,,,,20,
17,202007,27,17,4,120,15,2000,,,,,,,20,
17,202008,28,17,4,120,15,2000,,,,,,,20,
17,202009,29,18,4,120,15,3000,,,,,,,30,
17,202010,30,19,4,120,15,2000,,,,,,,20,
17,202011,31,21,4,120,15,3000,,,,,,,30,
17,202012,32,23,4,120,15,3000,,,,,,,30,
17,202013,33,24,4,120,15,2000,,,,,,,20,
17,202014,34,26,4,120,15,3000,,,,,,,30,
17,202015,35,31,4,250,23,2000,,,,,,,30,
17,202016,36,31,4,250,23,2000,,,,,,,30,
17,202017,37,22,4,250,23,4000,,,,,,,70,
17,202018,38,32,4,250,23,2000,,,,,,,30,
17,202019,39,32,4,250,23,2000,,,,,,,30,
17,202020,40,33,4,250,23,4000,,,,,,,70,
17,202021,41,25,4,250,23,4000,,,,,,,70,
17,202022,42,34,4,250,23,2000,,,,,,,30,
17,202023,43,34,4,250,23,2000,,,,,,,30,
17,202024,44,28,4,250,23,4000,,,,,,,70,
17,202025,45,29,4,250,23,2000,,,,,,,30,
17,202026,46,29,4,250,23,2000,,,,,,,30,
17,202027,47,37,4,400,25,2000,,,,,,,50,
17,202028,48,37,4,400,25,2000,,,,,,,50,
17,202029,49,38,4,400,25,5000,,,,,,,110,
17,202030,50,39,4,400,25,5000,,,,,,,110,
17,202031,51,40,4,400,25,2000,,,,,,,50,
17,202032,52,40,4,400,25,2000,,,,,,,50,
17,202033,53,41,4,400,25,2000,,,,,,,50,
17,202034,54,41,4,400,25,2000,,,,,,,50,
17,202035,55,43,4,400,25,5000,,,,,,,110,
17,202036,56,44,4,400,25,2000,,,,,,,50,
17,202037,57,44,4,400,25,2000,,,,,,,50,
17,202038,58,45,4,400,25,5000,,,,,,,110,
17,202039,59,46,4,400,25,5000,,,,,,,110,
17,202040,60,35,4,400,25,5000,,,,,,,110,
17,302001,61,60,7,560,40,3000,,,,,,,30,
17,302002,62,47,7,560,40,7000,,,,,,,70,
17,302003,63,49,7,560,40,3000,,,,,,,30,
17,302004,64,49,7,560,40,3000,,,,,,,30,
17,302005,65,50,7,560,40,3000,,,,,,,30,
17,302006,66,50,7,560,40,7000,,,,,,,70,
17,302007,67,55,7,560,40,3000,,,,,,,30,
17,302008,68,55,7,560,40,3000,,,,,,,30,
17,302009,69,56,7,560,40,7000,,,,,,,70,
17,302010,70,58,7,560,40,3000,,,,,,,30,
17,302011,71,58,7,560,40,3000,,,,,,,30,
17,302012,72,59,7,560,40,3000,,,,,,,30,
17,302013,73,59,7,560,40,3000,,,,,,,30,
17,302014,74,60,7,560,40,7000,,,,,,,70,
17,302015,75,61,7,690,60,9000,,,,,,,100,
17,302016,76,62,7,690,60,4000,,,,,,,100,
17,302017,77,62,7,690,60,4000,,,,,,,100,
17,302018,78,66,7,690,60,4000,,,,,,,100,
17,302019,79,66,7,690,60,4000,,,,,,,100,
17,302020,80,67,7,690,60,9000,,,,,,,100,
17,302021,81,69,7,690,60,4000,,,,,,,100,
17,302022,82,69,7,690,60,4000,,,,,,,100,
17,302023,83,71,7,690,60,9000,,,,,,,100,
17,302024,84,72,7,690,60,9000,,,,,,,100,
17,302025,85,74,7,690,60,4000,,,,,,,100,
17,302026,86,74,7,690,60,4000,,,,,,,100,
17,302027,87,75,7,820,67,4000,,,,,,,100,
17,302028,88,75,7,820,67,4000,,,,,,,100,
17,302029,89,77,7,820,67,10000,,,,,,,200,
17,302030,90,78,7,820,67,4000,,,,,,,100,
17,302031,91,79,7,820,67,10000,,,,,,,200,
17,302032,92,80,7,820,67,4000,,,,,,,100,
17,302033,93,80,7,820,67,4000,,,,,,,100,
17,302034,94,81,7,820,67,10000,,,,,,,200,
17,302035,95,82,7,820,67,4000,,,,,,,100,
17,302036,96,83,7,820,67,4000,,,,,,,100,
17,302037,97,83,7,820,67,4000,,,,,,,100,
17,302038,98,84,7,820,67,4000,,,,,,,100,
17,302039,99,84,7,820,67,4000,,,,,,,100,
17,302040,100,85,7,820,67,10000,,,,,,,200,
18,102001,1,,,,,,,,,,,,,1
18,102002,2,,,,,300,,,,,,,4,
18,102003,3,,,,,300,,,,,,,4,
18,102004,4,,,,,300,,,,,,,4,
18,102005,5,1,,,,600,,,,,,,8,
18,102006,6,3,,,,600,,,,,,,8,
18,102007,7,4,,,,300,,,,,,,4,
18,102008,8,5,,40,15,400,,,,,,,8,
18,102009,9,5,,40,15,400,,,,,,,8,
18,102010,10,2,,40,15,700,,,,,,,20,
18,102011,11,6,,40,15,400,,,,,,,8,
18,102012,12,6,,40,15,400,,,,,,,8,
18,102013,13,7,,40,15,700,,,,,,,20,
18,102014,14,9,,70,17,300,,,,,,,10,
18,102015,15,10,,70,17,800,,,,,,,30,
18,102016,16,10,,70,17,300,,,,,,,10,
18,102017,17,11,,70,17,800,,,,,,,30,
18,102018,18,13,,70,17,300,,,,,,,10,
18,102019,19,13,,70,17,300,,,,,,,10,
18,102020,20,8,,70,17,800,,,,,,,30,
18,202001,21,20,4,120,15,2000,,,,,,,20,
18,202002,22,20,4,120,15,2000,,,,,,,20,
18,202003,23,14,4,120,15,2000,,,,,,,20,
18,202004,24,15,4,120,15,2000,,,,,,,20,
18,202005,25,15,4,120,15,2000,,,,,,,20,
18,202006,26,16,4,120,15,2000,,,,,,,20,
18,202007,27,17,4,120,15,2000,,,,,,,20,
18,202008,28,17,4,120,15,2000,,,,,,,20,
18,202009,29,18,4,120,15,3000,,,,,,,30,
18,202010,30,19,4,120,15,2000,,,,,,,20,
18,202011,31,21,4,120,15,3000,,,,,,,30,
18,202012,32,23,4,120,15,3000,,,,,,,30,
18,202013,33,24,4,120,15,2000,,,,,,,20,
18,202014,34,26,4,120,15,3000,,,,,,,30,
18,202015,35,31,4,250,23,2000,,,,,,,30,
18,202016,36,31,4,250,23,2000,,,,,,,30,
18,202017,37,22,4,250,23,4000,,,,,,,70,
18,202018,38,32,4,250,23,2000,,,,,,,30,
18,202019,39,32,4,250,23,2000,,,,,,,30,
18,202020,40,33,4,250,23,4000,,,,,,,70,
18,202021,41,25,4,250,23,4000,,,,,,,70,
18,202022,42,34,4,250,23,2000,,,,,,,30,
18,202023,43,34,4,250,23,2000,,,,,,,30,
18,202024,44,28,4,250,23,4000,,,,,,,70,
18,202025,45,29,4,250,23,2000,,,,,,,30,
18,202026,46,29,4,250,23,2000,,,,,,,30,
18,202027,47,37,4,400,25,2000,,,,,,,50,
18,202028,48,37,4,400,25,2000,,,,,,,50,
18,202029,49,38,4,400,25,5000,,,,,,,110,
18,202030,50,39,4,400,25,5000,,,,,,,110,
18,202031,51,40,4,400,25,2000,,,,,,,50,
18,202032,52,40,4,400,25,2000,,,,,,,50,
18,202033,53,41,4,400,25,2000,,,,,,,50,
18,202034,54,41,4,400,25,2000,,,,,,,50,
18,202035,55,43,4,400,25,5000,,,,,,,110,
18,202036,56,44,4,400,25,2000,,,,,,,50,
18,202037,57,44,4,400,25,2000,,,,,,,50,
18,202038,58,45,4,400,25,5000,,,,,,,110,
18,202039,59,46,4,400,25,5000,,,,,,,110,
18,202040,60,35,4,400,25,5000,,,,,,,110,
18,302001,61,60,7,560,40,3000,,,,,,,30,
18,302002,62,47,7,560,40,7000,,,,,,,70,
18,302003,63,49,7,560,40,3000,,,,,,,30,
18,302004,64,49,7,560,40,3000,,,,,,,30,
18,302005,65,50,7,560,40,3000,,,,,,,30,
18,302006,66,50,7,560,40,7000,,,,,,,70,
18,302007,67,55,7,560,40,3000,,,,,,,30,
18,302008,68,55,7,560,40,3000,,,,,,,30,
18,302009,69,56,7,560,40,7000,,,,,,,70,
18,302010,70,58,7,560,40,3000,,,,,,,30,
18,302011,71,58,7,560,40,3000,,,,,,,30,
18,302012,72,59,7,560,40,3000,,,,,,,30,
18,302013,73,59,7,560,40,3000,,,,,,,30,
18,302014,74,60,7,560,40,7000,,,,,,,70,
18,302015,75,61,7,690,60,9000,,,,,,,100,
18,302016,76,62,7,690,60,4000,,,,,,,100,
18,302017,77,62,7,690,60,4000,,,,,,,100,
18,302018,78,66,7,690,60,4000,,,,,,,100,
18,302019,79,66,7,690,60,4000,,,,,,,100,
18,302020,80,67,7,690,60,9000,,,,,,,100,
18,302021,81,69,7,690,60,4000,,,,,,,100,
18,302022,82,69,7,690,60,4000,,,,,,,100,
18,302023,83,71,7,690,60,9000,,,,,,,100,
18,302024,84,72,7,690,60,9000,,,,,,,100,
18,302025,85,74,7,690,60,4000,,,,,,,100,
18,302026,86,74,7,690,60,4000,,,,,,,100,
18,302027,87,75,7,820,67,4000,,,,,,,100,
18,302028,88,75,7,820,67,4000,,,,,,,100,
18,302029,89,77,7,820,67,10000,,,,,,,200,
18,302030,90,78,7,820,67,4000,,,,,,,100,
18,302031,91,79,7,820,67,10000,,,,,,,200,
18,302032,92,80,7,820,67,4000,,,,,,,100,
18,302033,93,80,7,820,67,4000,,,,,,,100,
18,302034,94,81,7,820,67,10000,,,,,,,200,
18,302035,95,82,7,820,67,4000,,,,,,,100,
18,302036,96,83,7,820,67,4000,,,,,,,100,
18,302037,97,83,7,820,67,4000,,,,,,,100,
18,302038,98,84,7,820,67,4000,,,,,,,100,
18,302039,99,84,7,820,67,4000,,,,,,,100,
18,302040,100,85,7,820,67,10000,,,,,,,200,
