ID,Type,Group,VersionControls
100000,,,
100001,,,
100002,,,
100003,,,
100004,,,
100005,,,
100006,,,
100007,,,
100008,,,
100009,,,
100010,,,
100011,,,
100012,,,
100013,,,56-57
100014,,,56-57
100015,,,56-57
100016,,,56-57
100017,,,56-57
100018,,,56-57
100019,,,
150001,,,
150002,,,
150003,,,
150004,,,
150005,,,
150006,,,
150007,,,
150008,,,
150009,,,
150010,,,
150011,,,
150012,,,
150013,,,
150014,,,
150015,,,
150016,,,
150017,,,
150018,,,
150019,,,
150020,,,
150021,,,
150022,,,
150023,,,
150024,,,
150025,,,
150026,,,
150027,,,
150028,,,
150029,,,
150030,,,
150031,,,
150032,,,
150033,,,
150034,,,
150035,,,
150036,,,
150037,,,
150038,,,
150039,,,
150040,,,310
150041,,,311
150042,,,312
150043,,,313
150044,,,314
150045,,,315
150046,,,316
150047,,,317
150048,,,318
150049,,,
150050,,,
150051,,,
150052,,,
150053,,,
150054,,,
150055,,,321
150056,,,322
150057,,,358
150058,,,358
150059,,,358
150060,,,323-108
150061,,,359
150062,,,359
150063,,,359
150064,,,331-108
150065,,,360
150066,,,360
150067,,,360
150068,,,334-108
150069,,,361
150070,,,361
150071,,,361
150072,,,338-108
150073,,,362
150074,,,362
150075,,,362
150076,,,340-108
150077,,,363
150078,,,363
150079,,,363
150080,,,342-108
150081,,,364
150082,,,364
150083,,,364
150084,,,344-108
150085,,,365
150086,,,365
150087,,,365
150088,,,346-108
150089,,,366
150090,,,366
150091,,,366
150092,,,348-108
150093,,,367
150094,,,367
150095,,,367
150096,,,501-108
150097,,,368
150098,,,368
150099,,,368
150100,,,503-108
150101,,,369
150102,,,369
150103,,,369
150104,,,505-108
150105,,,370
150106,,,370
150107,,,370
150108,,,507-108
150109,,,371
150110,,,371
150111,,,371
150112,,,509-108
150113,,,372-59
150114,,,372-59
150115,,,372-59
150116,,,511-108-59
150117,,,373
150118,,,373
150119,,,373
150120,,,513-108
150121,,,374
150122,,,374
150123,,,374
150124,,,515-108
150125,,,375
150126,,,375
150127,,,375
150128,,,517-108
150129,,,376
150130,,,376
150131,,,376
150132,,,519-108
150133,,,377
150134,,,377
150135,,,377
150136,,,521-108
150137,,,378
150138,,,378
150139,,,378
150140,,,523-108
150141,,,379
150142,,,379
150143,,,379
150144,,,525-108
150145,,,380
150146,,,380
150147,,,380
150148,,,527-108
150149,,,381
150150,,,381
150151,,,381
150152,,,529-108
150153,,,382
150154,,,382
150155,,,382
150156,,,531-108
150157,,,383
150158,,,383
150159,,,383
150160,,,533-108
150161,,,384
150162,,,384
150163,,,384
150164,,,535-108
150165,,,385
150166,,,385
150167,,,385
150168,,,537-108
150169,,,386
150170,,,386
150171,,,386
150172,,,539-108
150173,,,387
150174,,,386
150175,,,387
150176,,,541-108
151001,,,
151002,,,
151003,,,
151004,,,
151005,,,
151006,,,
151007,,,
151008,,,
151009,,,352
151010,,,353
151011,,,354
151012,,,355
151013,,,356
151014,,,357
151015,,,358
151016,,,359
151017,,,360
151018,,,361
151019,,,362
151020,,,363
151021,,,364
151022,,,365
151090,,,366
151091,,,367
151023,,,368
151024,,,369
151025,,,370
151026,,,371
151027,,,372
151028,,,373
151029,,,374
151030,,,375
151031,,,376
151032,,,377
151033,,,378
151034,,,379
151035,,,380
151036,,,381
151037,,,382
151038,,,383
151039,,,384
151040,,,385
151041,,,386
151042,,,387
160001,1,,
160002,1,,
160003,1,,
160004,1,,
160005,1,,
160006,1,,
160007,1,,
160008,1,,
160009,1,,
160010,1,,
160011,1,,
160012,1,,
160013,,,
160014,,,
160015,,,
160016,,,
160017,,,
160018,,,
161001,1,,
161002,1,,
161003,1,,
161004,1,,
161005,1,,
161006,1,,
161007,1,,
161008,1,,
161009,1,,
161010,1,,
161011,1,,
161012,1,,
161013,1,,
161014,1,,
161015,1,,
161016,1,,
161017,1,,
161018,1,,
161019,1,,
161020,1,,
161021,1,,
161022,1,,
161090,1,,
161091,1,,
161023,1,,
161024,1,,
161025,1,,
161026,1,,
161027,1,,
161028,1,,
161029,1,,
161030,1,,
161031,1,,
161032,1,,
161033,1,,
161034,1,,
161035,1,,
161036,1,,
161037,1,,
161038,1,,
161039,1,,
161040,1,,
161041,1,,
161042,1,,
Build01,2,1,
Build02,2,1,
Build03,2,2,
Build04,2,2,
