SKILL_ID,INDEX,MISSILE_NAME,MISSILE_NAME_Enemy,MISSILE_COUNT,ANGLE,BIND_TYPE,DMG_RATE,DynamicAtt,DMG_CONSTANT,DMG_MaxHpRate,PROBABILITY,STATUS_IDs,IS_CONTINUE,FREQUENCY,FLY_VALUE,IRT_VALUE,WARNINGEFFECT,DELAY_MSTIME,IsOnlyBoss,MaxDamageRate
101,,SlowTrap_0,,1,,,1,,,,1,994501,,1,,,,,,
101,1,SlowTrap_1,,1,,,,,,,,,1,1,,,,,,
106,,StunAttack_0,,1,,,,,,,1,997001-999002,,1,,,,,,
110,,Judgment_0,,1,,,,,,,1,997004,,,,,,,,
111,,Chicken_Shield_0,,1,,,,,,,1,10005,1,1,,,,,,
112,,Chicken_Banana_0,,1,,,,,,,,,,1,,,,,,
112,1,Chicken_Banana_1,,1,,,0.8,,,,,,1,1,71,21,,,,
113,,Chicken_Repulse_0,,1,,,1,,,,,,1,1,21,21,,,,
114,,Chicken_Fire_0,,1,,,0.3,,,,,,1,1,,,,,,
115,,Chicken_GhostShot_0,,1,,,,,,,,,1,1,,,,,,
115,1,Chicken_GhostShot_1,,1,,,0.5,,,,,,,1,,,,,,
1001,,R18_P01_atk_1_2,,1,,,1,,,,,,,1,10,,,,,
1001,1,R18_P01_atk_1_1,,1,,,,,,,,,1,1,,,,,,
1002,,R18_P01_atk_2_2,,1,,,1,,,,,,,1,10,,,,,
1002,1,R18_P01_atk_2_1,,1,,,,,,,,,1,1,,,,,,
1003,,R18_P01_atk_3_2,,1,,,1,,,,,,,1,10,,,,,
1003,1,R18_P01_atk_3_1,,1,,,,,,,,,1,1,,,,,,
1004,1,R18_P01_skill_1_1,,3,10,,0.79,,,,,,,1,10,21,,,,
1004,2,R18_P01_skill_1_2,,1,,,,,,,,,1,,,,,,,
1005,,R18_P01_skill_2_0,,1,,,,,,,,,1,1,,,,,,
1005,1,R18_P01_skill_2_1,R18_P01_skill_2_1_E,1,,,0.32,,,,,,1,4,10,,,,,
1005,2,R18_P01_skill_2_2,,1,72,,,,,,,,1,,,,,,,
1006,1,R18_P01_skill_3_0,,3,5,,0.79,,,,,,,1,10,21,,,,
1006,2,R18_P01_skill_3_1,,1,,,,,,,,,1,1,,,,,,
1007,,R18_P01_skill_4_0,,1,,,,,,,,,1,1,,,,,,
1007,1,R18_P01_skill_4_1,,1,,,,,,,,,1,,,,,,,
1007,2,R18_P01_skill_4_2,R18_P01_skill_4_2_E,1,,,2.5,,,,,,1,1,10,,,,,
2001,,R18_P02_atk_1_0,,1,,,0.47,,,,,,,1,10,,,,,
2002,,R18_P02_atk_1_0,,1,,,0.47,,,,,,,1,10,,,,,
2003,,R18_P02_atk_1_0,,1,,,0.47,,,,,,,1,10,,,,,
2004,,R18_P02_skill_1_0,,1,,,2.2,,,,,,1,1,21,21,,,,
2004,1,R18_P02_skill_1_1,,1,,,,,,,1,993002,1,1,,-1,,,,
2005,,R18_P02_skill_2_0,,1,,,,,,,,,1,,,,,,,
2005,1,R18_P02_skill_2_1,,1,,,,,,,,,1,,,,,,,
2006,,R18_P02_skill_3_0,,1,,,2.2,,,,,,1,1,21,21,,,,
2006,1,R18_P02_skill_3_1,,1,,,,,,,1,993002,1,1,,-1,,,,
2007,,R18_P02_skill_2_0,,1,,,,,,,,,1,,,,,,,
2007,1,R18_P02_skill_2_2,,1,,,,,,,,,1,,,,,,,
3001,,R18_P03_atk_1_0,,3,10,,0.55,,,,,,,1,10,,,,,
3002,,R18_P03_atk_1_0,,3,10,,0.55,,,,,,,1,10,,,,,
3003,,R18_P03_atk_1_0,,3,10,,0.55,,,,,,,1,10,,,,,
3004,,R18_P03_skill_1_0,,1,,2,,,,,,,1,1,,,,,,
3004,1,R18_P03_skill_1_1,,1,,,2.34,,,,,,1,1,21,,,,,
3004,2,R18_P03_skill_1_2,,1,,2,,,,,,,1,1,,,,,,
3005,,R18_P03_skill_2_0,,1,,1,,,,,,,1,,,,,,,
3006,,R18_P03_skill_1_0,,1,,2,,,,,,,1,1,,,,,,
3006,1,R18_P03_skill_1_1,,1,,,2.34,,,,,,1,1,21,,,,,
3006,2,R18_P03_skill_1_2,,1,,2,,,,,,,1,1,,,,,,
3007,,R18_P03_skill_2_0,,1,,1,,,,,,,1,,,,,,,
4001,,R18_P04_atk_1_0,,1,,,0.9,,,,,,,1,10,,,,,
4001,1,R18_P04_atk_1_1,,1,,,0.9,,,,,,,1,10,,,,,
4002,,R18_P04_atk_2_0,,1,,,0.9,,,,,,,1,10,,,,,
4002,1,R18_P04_atk_2_1,,1,,,0.9,,,,,,,1,10,,,,,
4003,,R18_P04_atk_3_0,,1,,,0.9,,,,,,,1,10,,,,,
4003,1,R18_P04_atk_3_1,,1,,,0.9,,,,,,,1,10,,,,,
4004,,R18_P04_skill_1_0,,1,,,,,,,,,1,,,,,,,
4004,1,R18_P04_skill_1_1,,1,,,,,,,,,1,,,,,,,
4005,,R18_P04_skill_2_0,,1,,,,,,,1,993501,1,2,10,,,,,
4005,1,R18_P04_skill_2_1,,1,,,,,,,,,1,,,,,,,
4006,,R18_P04_skill_1_0,,1,,,,,,,,,1,,,,,,,
4006,1,R18_P04_skill_1_1,,1,,,,,,,,,1,,,,,,,
4007,,R18_P04_skill_2_0,,1,,,,,,,1,993501,1,2,10,,,,,
4007,1,R18_P04_skill_2_1,,1,,,,,,,,,1,,,,,,,
5001,,R18_P05_atk_1_0,,1,,,1.15,,,,,,,1,10,,,,,
5002,,R18_P05_atk_2_0,,1,,,1.15,,,,,,,1,10,,,,,
5003,,R18_P05_atk_3_0,,1,,,1.15,,,,,,,,10,,,,,
5004,,R18_P05_skill_1_0,,1,,,1.44,,,,1,997002-997003,,1,10,,,,,
5005,,R18_P05_skill_2_0,R18_P05_skill_2_0_E,1,,,,,,,,,,1,,,,,,
5005,1,R18_P05_skill_2_1,,1,,2,,,,,,,1,1,,,,,,
5005,2,R18_P05_skill_2_2,,1,,,2.07,,,,1,,1,1,21,,,,,
5006,,R18_P05_skill_3_0,,1,,,,,,,,,,1,,,,,,
5006,1,R18_P05_skill_3_1,,1,,,1.44,,,,1,997012-997003,1,,10,,,,,
5007,,R18_P05_skill_4_0,R18_P05_skill_2_0_E,1,,,,,,,,,,1,,,,,,
5007,1,R18_P05_skill_4_1,,1,,2,,,,,,,1,1,,,,,,
5007,2,R18_P05_skill_4_2,,1,,,2.07,,,,,,1,1,21,,,,,
5007,3,R18_P05_skill_4_3,,1,,,,,,,,,1,1,,,,,,
6001,,R18_P06_atk_1_0,,1,,,1.15,,,,,,,1,10,,,,,
6002,,R18_P06_atk_2_0,,1,,,1.15,,,,,,,1,10,,,,,
6003,,R18_P06_atk_3_0,,1,,,1.15,,,,,,,1,10,,,,,
6004,,R18_P06_skill_1_0,R18_P06_skill_1_0_E,1,,,,,,,1,993502-997009,,1,,,,,,
6005,,R18_P06_skill_2_0,,1,,2,,,,,,,1,,,,,,,
6005,1,R18_P06_skill_2_1,R18_P06_skill_2_1_E,1,,1,,,,,1,997010,1,1,,,,,,
6006,,R18_P06_skill_1_0,R18_P06_skill_1_0_E,1,,,0.5,,,,1,993502-997009,,1,,,,,,
6007,,R18_P06_skill_2_0,,1,,2,,,,,,,1,,,,,,,
6007,1,R18_P06_skill_2_2,R18_P06_skill_2_1_E,1,,1,,,,,1,997010,1,1,,,,,,
6007,2,R18_P06_skill_2_3,,1,,1,0.4,,,,,,1,1,,,,,,
7001,,R18_P07_atk_1_0,,1,,,0.65,,,,,,,1,10,,,,,
7001,1,R18_P07_atk_1_1,,1,,,0.65,,,,,,,1,10,,,,,
7002,,R18_P07_atk_2_0,,1,,,0.65,,,,,,,1,10,,,,,
7002,1,R18_P07_atk_2_1,,1,,,0.65,,,,,,,1,10,,,,,
7003,,R18_P07_atk_3_0,,1,,,0.65,,,,,,,1,10,,,,,
7003,1,R18_P07_atk_3_1,,1,,,0.65,,,,,,,1,10,,,,,
7004,,R18_P07_skill_1_0,,1,,,,,,,,,1,,,,,,,
7004,1,R18_P07_skill_1_1,,3,10,,1.24,,,,1,994506-994517,,1,10,,,,,
7005,,R18_P07_skill_2_0,,1,,,,,,,,,1,1,,,,,,
7006,,R18_P07_skill_3_0,,1,,1,,,,,,,1,,,,,,,
7006,1,R18_P07_skill_3_1,,3,10,,1.49,,,,1,994506-994517,,1,10,,,,,
7007,,R18_P07_skill_4_0,,1,,,,,,,,,1,1,,,,,,
8001,,R18_P08_atk_1_0,,3,10,,0.47,,,,,,,1,10,,,,,
8002,,R18_P08_atk_1_0,,3,10,,0.47,,,,,,,1,10,,,,,
8003,,R18_P08_atk_1_0,,3,10,,0.47,,,,,,,1,10,,,,,
8004,,R18_P08_skill_1_0,,1,,,,,,,,,,1,,21,,,,
8004,1,R18_P08_skill_1_1,,1,,3,1.95,,,,1,997007,1,1,,21,,,,
8005,,R18_P08_skill_2_0,,1,,,,,,,,,1,,,,,,,
8005,1,R18_P08_skill_2_1,R18_P08_skill_2_1_E,1,,,0.22,,,,1,994505,1,1,10,,,,,
8006,,R18_P08_skill_1_0,,1,,,,,,,,,,1,,21,,,,
8006,1,R18_P08_skill_1_1,,1,,3,1.95,,,,1,997007-992502,1,1,,21,,,,
8007,,R18_P08_skill_2_0,,1,,,,,,,,,1,,,,,,,
8007,1,R18_P08_skill_2_1,R18_P08_skill_2_1_E,1,,,0.22,,,,1,994505,1,1,10,,,,,
9001,,R18_P09_atk_1_0,,1,,,0.65,,,,,,,1,10,,,,,
9001,1,R18_P09_atk_1_1,,1,,,0.65,,,,,,,1,10,,,,,
9002,,R18_P09_atk_2_0,,1,,,0.65,,,,,,,1,10,,,,,
9002,1,R18_P09_atk_2_1,,1,,,0.65,,,,,,,1,10,,,,,
9003,,R18_P09_atk_3_0,,1,,,0.65,,,,,,,1,10,,,,,
9003,1,R18_P09_atk_3_1,,1,,,0.65,,,,,,,1,10,,,,,
9004,,R18_P09_skill_1_0,,1,,,,,,,,,,1,,,,,,
9004,1,R18_P09_skill_1_1,,1,,,0.72,,,,1,997011,1,1,10,,,,,
9005,,R18_P09_skill_2_0,,1,,1,2.5,,,,,,1,1,10,,,,,
9005,1,R18_P09_skill_2_1,,1,,2,,,,,,,1,1,,,,,,
9006,,R18_P09_skill_3_0,,1,,,1,,,,,,,1,,,,,,
9006,1,R18_P09_skill_3_1,,1,,,0.72,,,,1,997011,1,1,10,,,,,
9007,,R18_P09_skill_2_0,,1,,1,2.5,,,,,,1,1,10,,,,,
9007,1,R18_P09_skill_2_1,,1,,2,,,,,,,1,1,,,,,,
10001,,R18_P10_atk_1_0,,1,,,,,,,,,,1,10,,,,,
10001,1,R18_P10_atk_1_1,,1,,,1,,,,,,1,1,,,,,,
10002,,R18_P10_atk_1_0,,1,,,,,,,,,,1,10,,,,,
10002,1,R18_P10_atk_1_1,,1,,,1,,,,,,1,1,,,,,,
10003,,R18_P10_atk_1_0,,1,,,,,,,,,,1,10,,,,,
10003,1,R18_P10_atk_1_1,,1,,,1,,,,,,1,1,,,,,,
10004,,R18_P10_skill_1_0,,1,,,,,,,1,993003,1,1,,-1,,,,
10004,1,R18_P10_skill_1_1,R18_P10_skill_1_1_E,1,,,,,,,1,993503,1,1,10,,,,,
10005,,R18_P10_skill_2_0,R18_P10_skill_2_0_E,1,,,,,,,1,992501,1,1,,,,,,
10005,1,R18_P10_skill_2_1,,1,,,2.34,,,,1,991501,,1,10,,,,,
10005,2,R18_P10_skill_2_2,,1,,,2.34,,,,1,991501,,1,10,,,,,
10005,3,R18_P10_skill_2_3,,1,,,2.34,,,,1,991501,,1,10,,,,,
10005,4,R18_P10_skill_2_4,,1,,,2.34,,,,1,991501,,1,10,,,,,
10006,,R18_P10_skill_1_0,,1,,,,,,,1,993004,1,1,,-1,,,,
10006,1,R18_P10_skill_1_1,R18_P10_skill_1_1_E,1,,,,,,,1,993511,1,1,10,,,,,
10007,,R18_P10_skill_2_0,R18_P10_skill_2_0_E,1,,,,,,,1,992501,1,1,,,,,,
10007,1,R18_P10_skill_2_1,,1,,,2.34,,,,1,991501,,1,10,,,,,
10007,2,R18_P10_skill_2_2,,1,,,2.34,,,,1,991501,,1,10,,,,,
10007,3,R18_P10_skill_2_3,,1,,,2.34,,,,1,991501,,1,10,,,,,
10007,4,R18_P10_skill_2_4,,1,,,2.34,,,,1,991501,,1,10,,,,,
11001,,R18_P11_atk_1_0,,1,,,0.65,,,,,,,1,10,,,,,
11002,,R18_P11_atk_1_0,,1,,,0.65,,,,,,,1,10,,,,,
11003,,R18_P11_atk_1_0,,1,,,0.65,,,,,,,1,10,,,,,
11004,,R18_P11_skill_1_0,R18_P11_skill_1_0_E,1,,,,,,,1,995002-996003,,1,,,,,,
11005,,R18_P11_skill_2_0,,1,,,2.24,,,,1,991502,,1,21,,,,,
11005,1,R18_P11_skill_2_1,,1,,,2.24,,,,1,991502,,1,21,,,,,
11005,2,R18_P11_skill_2_2,,1,,,2.24,,,,1,991502,,1,21,,,,,
11005,3,R18_P11_skill_2_3,,1,,,2.24,,,,1,991502,,1,21,,,,,
11006,,R18_P11_skill_1_0,R18_P11_skill_1_0_E,1,,,,,,,1,995002-996004,,1,,,,,,
11007,,R18_P11_skill_2_0,,1,,,2.24,,,,1,991502,,1,21,,,,,
11007,1,R18_P11_skill_2_1,,1,,,2.24,,,,1,991502,,1,21,,,,,
11007,2,R18_P11_skill_2_2,,1,,,2.24,,,,1,991502,,1,21,,,,,
11007,3,R18_P11_skill_2_3,,1,,,2.24,,,,1,991502,,1,21,,,,,
12001,,R18_P12_atk_1_0,,3,5,,0.55,,,,,,,1,10,,,,,
12001,1,R18_P12_atk_1_1,,1,,,,,,,,,1,1,,,,,,
12002,,R18_P12_atk_1_0,,3,5,,0.55,,,,,,,1,10,,,,,
12002,1,R18_P12_atk_1_1,,1,,,,,,,,,1,1,,,,,,
12003,,R18_P12_atk_1_0,,3,5,,0.55,,,,,,,1,10,,,,,
12003,1,R18_P12_atk_1_1,,1,,,,,,,,,1,1,,,,,,
12004,,R18_P12_skill_1_0,,1,,2,,,,,,,1,,,,,,,
12004,1,R18_P12_skill_1_1,R18_P12_skill_1_1_E,1,,,2.07,,,,,,1,1,21,21,,,,
12004,2,R18_P12_skill_1_2,,1,,2,,,,,,,1,,,,,,,
12004,3,R18_P12_skill_1_3,,1,,,,,,,,,1,1,,,,,,
12005,,R18_P12_skill_2_0,,1,,,0.6,,,,,,1,2,10,,,,,
12005,1,R18_P12_skill_2_1,,1,3,,,,,,,,,1,,,,,,
12005,2,R18_P12_skill_2_2,,1,3,,,,,,,,,1,,,,,,
12006,,R18_P12_skill_1_0,,1,,2,,,,,,,1,,,,,,,
12006,1,R18_P12_skill_1_4,R18_P12_skill_1_4_E,1,,,2.07,,,,1,994508,1,1,21,21,,,,
12006,2,R18_P12_skill_1_2,,1,,2,,,,,,,1,,,,,,,
12006,4,R18_P12_skill_1_5,,1,,,,,,,,,1,1,,,,,,
12007,,R18_P12_skill_2_0,,1,,,0.83,,,,,,1,2,10,,,,,
12007,1,R18_P12_skill_2_1,,1,3,,,,,,,,,1,,,,,,
12007,2,R18_P12_skill_2_2,,1,3,,,,,,,,,1,,,,,,
13001,,R18_P13_atk_1_0,,1,,,,,,,,,,1,10,,,,,
13001,1,R18_P13_atk_1_1,,1,,,1,,,,,,1,1,,,,,,
13002,,R18_P13_atk_1_0,,1,,,,,,,,,,1,10,,,,,
13002,1,R18_P13_atk_1_1,,1,,,1,,,,,,1,1,,,,,,
13003,,R18_P13_atk_1_0,,1,,,,,,,,,,1,10,,,,,
13003,1,R18_P13_atk_1_1,,1,,,1,,,,,,1,1,,,,,,
13004,,R18_P13_skill_1_0,,1,,,1.87,,,,1,993506,,1,10,,,,,
13004,1,R18_P13_skill_1_1,,1,,,1.87,,,,1,993506,,1,10,,,,,
13004,2,R18_P13_skill_1_2,,1,,,1.87,,,,1,993506,,1,10,,,,,
13004,3,R18_P13_skill_1_3,,1,,,1.87,,,,1,993506,,1,10,,,,,
13005,,R18_P13_skill_2_0,,1,,2,,,,,,,1,,,,,,,
13005,1,R18_P13_skill_2_1,,1,,2,,,,,,,1,,,,,,,
13005,2,R18_P13_skill_2_2,,1,,1,2.4,BuffAddDamage+993506+0.3&BuffAddBuff+993506+0+993507,,,,,1,1,10,,,,,
13006,,R18_P13_skill_1_0,,1,,,1.87,,,,1,993512,,1,10,,,,,
13006,1,R18_P13_skill_1_1,,1,,,1.87,,,,1,993512,,1,10,,,,,
13006,2,R18_P13_skill_1_2,,1,,,1.87,,,,1,993512,,1,10,,,,,
13006,3,R18_P13_skill_1_3,,1,,,1.87,,,,1,993512,,1,10,,,,,
13007,,R18_P13_skill_2_0,,1,,2,,,,,,,1,,,,,,,
13007,1,R18_P13_skill_2_1,,1,,2,,,,,,,1,,,,,,,
13007,2,R18_P13_skill_2_2,,1,,1,2.4,BuffAddDamage+993512+0.3&BuffAddBuff+993512+0+993507,,,,,1,1,10,,,,,
14001,,R18_P14_atk_1_0,,1,,,0.65,,,,,,,1,10,,,,,
14001,1,R18_P14_atk_1_1,,1,,,0.65,,,,,,,1,10,,,,,
14002,,R18_P14_atk_2_0,,1,,,0.65,,,,,,,1,10,,,,,
14002,1,R18_P14_atk_2_1,,1,,,0.65,,,,,,,1,10,,,,,
14003,,R18_P14_atk_3_0,,1,,,0.65,,,,,,,1,10,,,,,
14003,1,R18_P14_atk_3_1,,1,,,0.65,,,,,,,1,10,,,,,
14004,,R18_P14_skill_1_0,,3,10,,0.94,,,,1,995501,,1,10,,,,,
14005,,R18_P14_skill_2_0,,1,,,2.34,,,,,,1,1,21,21,,,,
14006,,R18_P14_skill_1_0,,3,10,,0.94,,,,1,995501,,1,10,,,,,
14007,,R18_P14_skill_2_0,,1,,,2.34,,,,,,1,1,21,21,,,,
15001,,R18_P15_atk_1_0,,1,,,1,,,,,,,1,10,,,,,
15002,,R18_P15_atk_1_0,,1,,,1,,,,,,,1,10,,,,,
15003,,R18_P15_atk_1_0,,1,,,1,,,,,,,1,10,,,,,
15004,,R18_P15_skill_1_0,,1,,,1.98,,,,1,994507,1,1,10,,,,,
15004,1,R18_P15_skill_1_1,,1,,,,,,,1,993510,1,1,10,,,,,
15004,2,R18_P15_skill_1_2,,1,,,,,,,,,1,1,,,,,,
15005,,R18_P15_skill_2_0,,1,,2,,,,,,,1,1,,,,,,
15005,1,R18_P15_skill_2_1,,1,,,2.5,,,,,,1,1,10,10,,,,
15006,,R18_P15_skill_1_0,,1,,,1.98,,,,1,994507,1,1,10,,,,,
15006,1,R18_P15_skill_1_1,,1,,,,,,,1,993514,1,1,10,,,,,
15006,2,R18_P15_skill_1_2,,1,,,,,,,,,1,1,,,,,,
15007,,R18_P15_skill_2_0,,1,,2,,,,,,,1,1,,,,,,
15007,1,R18_P15_skill_2_1,,1,,,2.5,,,,,,1,1,10,10,,,,
16001,,R18_P16_atk_1_0,,1,,,0.65,,,,,,,1,10,,,,,
16001,1,R18_P16_atk_1_1,,1,,,0.65,,,,,,,1,10,,,,,
16002,,R18_P16_atk_1_0,,1,,,0.65,,,,,,,1,10,,,,,
16002,1,R18_P16_atk_1_1,,1,,,0.65,,,,,,,1,10,,,,,
16003,,R18_P16_atk_1_0,,1,,,0.65,,,,,,,1,10,,,,,
16003,1,R18_P16_atk_1_1,,1,,,0.65,,,,,,,1,10,,,,,
16004,,R18_P16_skill_1_0,,1,,,1.8,,,,1,992503,1,1,21,21,,,,
16004,1,R18_P16_skill_1_1,,1,,2,,,,,,,1,1,,,,,,
16005,,R18_P16_skill_2_0,R18_P16_skill_2_0_E,1,,,,,,,,,1,1,,,,,,
16005,1,R18_P16_skill_2_1,,1,,,2.5,,,,,,1,1,10,10,,,,
16005,2,R18_P16_skill_2_2,,1,,,,,,,1,993005,1,1,,,,,,
16006,2,R18_P16_skill_3_0,,1,,,1.8,,,,1,992503,1,1,21,21,,,,
16006,3,R18_P16_skill_3_1,,1,,,1.8,,,,1,992503,1,1,21,21,,,,
16006,4,R18_P16_skill_3_2,,1,,,1.8,,,,1,992503,1,1,21,21,,,,
16006,1,R18_P16_skill_1_1,,1,,2,,,,,,,1,1,,,,,,
16007,,R18_P16_skill_2_0,R18_P16_skill_2_0_E,1,,,,,,,,,1,1,,,,,,
16007,1,R18_P16_skill_2_1,,1,,,2.5,,,,,,1,1,10,10,,,,
16007,2,R18_P16_skill_2_2,,1,,,,,,,1,993005,1,1,,,,,,
17001,,R18_P17_atk_1_0,,1,,,0.47,,,,,,,1,10,,,,,
17002,,R18_P17_atk_1_0,,1,,,0.47,,,,,,,1,10,,,,,
17003,,R18_P17_atk_1_0,,1,,,0.47,,,,,,,1,10,,,,,
17004,,R18_P17_skill_1_0,,1,,,1.92,,,,,,,1,10,10,,,,
17004,1,R18_P17_skill_1_1,,1,,,1.92,,,,,,,1,10,10,,,,
17004,2,R18_P17_skill_1_2,,1,,,1.92,,,,,,,1,10,10,,,,
17004,3,R18_P17_skill_1_3,,1,,,1.92,,,,,,,1,10,10,,,,
17005,,R18_P17_skill_2_0,R18_P17_skill_2_0_E,1,,,,,,,,,1,1,,,,,,
17005,1,R18_P17_skill_2_1,,1,,,2.43,,,,1,992504-994509,1,1,10,10,,,,
17006,,R18_P17_skill_1_0,,1,,,1.92,,,,,,,1,10,10,,,,
17006,1,R18_P17_skill_1_1,,1,,,1.92,,,,,,,1,10,10,,,,
17006,2,R18_P17_skill_1_2,,1,,,1.92,,,,,,,1,10,10,,,,
17006,3,R18_P17_skill_1_3,,1,,,1.92,,,,,,,1,10,10,,,,
17007,,R18_P17_skill_2_0,R18_P17_skill_2_0_E,1,,,,,,,,,1,1,,,,,,
17007,1,R18_P17_skill_2_1,,1,,,3.03,,,,1,992504-994509,1,1,10,10,,,,
18001,,R18_P18_atk_1_0,,1,,,1.15,,,,,,,1,10,,,,,
18002,,R18_P18_atk_1_0,,1,,,1.15,,,,,,,1,10,,,,,
18003,,R18_P18_atk_1_0,,1,,,1.15,,,,,,,,10,,,,,
18004,,R18_P18_skill_1_0,,1,,,,,,,,,,1,,,,,,
18004,1,R18_P18_skill_1_1,,1,,,2.04,,,,1,997013-997014,1,1,10,,,,,
18005,,R18_P18_skill_2_0,,1,,,2.6,,,,,,1,1,21,21,,,,
18006,,R18_P18_skill_1_0,,1,,,,,,,,,,1,,,,,,
18006,1,R18_P18_skill_1_1,,1,,,2.04,,,,1,997017-997016,1,1,10,,,,,
18007,,R18_P18_skill_2_0,,1,,,2.6,,,,,,1,1,21,21,,,,
19001,,R18_P19_atk_1_0,,1,,,0.65,,,,,,,1,10,,,,,
19001,1,R18_P19_atk_1_1,,1,,,0.65,,,,,,,1,10,,,,,
19002,,R18_P19_atk_1_0,,1,,,0.65,,,,,,,1,10,,,,,
19002,1,R18_P19_atk_1_1,,1,,,0.65,,,,,,,1,10,,,,,
19003,,R18_P19_atk_1_0,,1,,,0.65,,,,,,,1,10,,,,,
19003,1,R18_P19_atk_1_1,,1,,,0.65,,,,,,,1,10,,,,,
19004,,R18_P19_skill_1_0,R18_P19_skill_1_0_E,1,,,,,,,,,1,,,,,,,
19004,1,R18_P19_skill_1_1,,1,,,1.94,,,,1,992505,1,1,10,,,,,
19004,2,R18_P19_skill_1_2,,1,10,,,,,,1,993006,1,1,,,,,,
19005,,R18_P19_skill_2_0,,1,,,2.6,,,,1,994510,1,1,10,,,,,
19005,1,R18_P19_skill_2_1,,1,,,2.6,,,,1,994510,1,1,10,,,,,
19005,2,R18_P19_skill_2_2,,1,,,2.6,,,,1,994510,1,1,10,,,,,
19005,3,R18_P19_skill_2_3,,1,,,,,,,1,994510,1,1,,,,,,
19006,,R18_P19_skill_1_0,R18_P19_skill_1_0_E,1,,,,,,,,,1,,,,,,,
19006,1,R18_P19_skill_1_1,,1,,,2.2,,,,1,992505,1,1,10,,,,,
19006,2,R18_P19_skill_1_2,,1,10,,,,,,1,993008,1,1,,,,,,
19007,,R18_P19_skill_4_0,,1,,,2.6,,,,1,994510-993518,1,1,10,,,,,
19007,1,R18_P19_skill_4_1,,1,,,2.6,,,,1,994510-993518,1,1,10,,,,,
19007,2,R18_P19_skill_4_2,,1,,,2.6,,,,1,994510-993518,1,1,10,,,,,
19007,3,R18_P19_skill_4_3,,1,,,,,,,1,994510,1,1,,,,,,
20001,,R18_P20_atk_1_0,,1,,,1,,,,,,,1,10,,,,,
20002,,R18_P20_atk_1_0,,1,,,1,,,,,,,1,10,,,,,
20003,,R18_P20_atk_1_0,,1,,,1,,,,,,,1,10,,,,,
20004,,R18_P20_skill_1_0,,1,,,,,,,,,1,1,,,,,,
20004,1,R18_P20_skill_1_1,,1,,,,,,,,,1,1,,,,,,
20004,2,R18_P20_skill_1_2,,1,,,,,,,,,1,1,,,,,,
20004,3,R18_P20_skill_1_3,,1,,,0.8,,,,1,992506,,1,10,,,,,
20005,,R18_P20_skill_2_0,,1,,,,,,,,,1,1,10,,,,,
20005,1,R18_P20_skill_2_1,,1,,,2.5,,,,,,1,1,21,21,,,,
20006,,R18_P20_skill_1_0,,1,,,,,,,,,1,1,,,,,,
20006,1,R18_P20_skill_1_1,,1,,,,,,,,,1,1,,,,,,
20006,2,R18_P20_skill_1_2,,1,,,,,,,,,1,1,,,,,,
20006,3,R18_P20_skill_1_3,,1,,,0.8,,,,1,992506,,1,10,,,,,
20007,,R18_P20_skill_2_0,,1,,,,,,,,,1,1,10,,,,,
20007,1,R18_P20_skill_2_1,,1,,,2.5,,,,,,1,1,21,21,,,,
21001,,R18_P21_atk_1_0,,1,,,0.47,,,,,,,1,10,,,,,
21002,,R18_P21_atk_1_0,,1,,,0.47,,,,,,,1,10,,,,,
21003,,R18_P21_atk_1_0,,1,,,0.47,,,,,,,1,10,,,,,
21004,,R18_P21_skill_1_0,,1,,,2.06,,,,1,997015,1,1,10,21,,,,
21005,,R18_P21_skill_2_0,,1,,,,,,,,,,1,10,10,,,,
21005,1,R18_P21_skill_2_1,,1,,,2.5,,,,1,990007-991503,1,1,10,10,,,,
21006,,R18_P21_skill_1_0,,1,,,2.06,,,,1,997015,1,1,10,21,,,,
21007,,R18_P21_skill_2_0,,1,,,,,,,,,,1,10,10,,,,
21007,1,R18_P21_skill_2_1,,1,,,2.5,,,,1,990007-991503,1,1,10,10,,,,
22001,,R18_P22_atk_1_0,,1,,,1.15,,,,,,,1,10,,,,,
22002,,R18_P22_atk_1_0,,1,,,1.15,,,,,,,1,10,,,,,
22003,,R18_P22_atk_1_0,,1,,,1.15,,,,,,,,10,,,,,
22004,,R18_P22_skill_1_0,,3,10,,,,,,,,,1,,,,,,
22004,1,R18_P22_skill_1_1,,1,,,1.24,,,,1,991504,1,1,21,21,,,,
22005,,R18_P22_skill_2_0,,1,,,2.6,,,,,,1,1,10,10,,,,
22005,2,R18_P22_skill_2_2,,1,,1,,,,,,,1,,,,,,,
22005,3,R18_P22_skill_2_3,,5,30,,0.5,,,,,,,1,10,10,,,,
22006,,R18_P22_skill_1_0,,3,10,,,,,,,,,1,,,,,,
22006,1,R18_P22_skill_1_1,,1,,,1.24,,,,1,991504,1,1,21,21,,,,
22007,,R18_P22_skill_2_0,,1,,,2.9,,,,,,1,1,10,10,,,,
22007,2,R18_P22_skill_2_2,,1,,1,,,,,,,1,,,,,,,
22007,3,R18_P22_skill_2_3,,5,30,,0.5,,,,,,,1,10,10,,,,
23001,,R18_P23_atk_1_0,,1,,,0.65,,,,,,,1,10,,,,,
23001,1,R18_P23_atk_1_1,,1,,,0.65,,,,,,,1,10,,,,,
23002,,R18_P23_atk_1_0,,1,,,0.65,,,,,,,1,10,,,,,
23002,1,R18_P23_atk_1_1,,1,,,0.65,,,,,,,1,10,,,,,
23003,,R18_P23_atk_1_0,,1,,,0.65,,,,,,,1,10,,,,,
23003,1,R18_P23_atk_1_1,,1,,,0.65,,,,,,,1,10,,,,,
23004,,R18_P23_skill_1_0,,3,10,,1.2,,,,1,994512,,1,10,10,,,,
23004,1,R18_P23_skill_1_1,,1,,,,,,,,,1,1,,,,,,
23005,,R18_P23_skill_2_0,,1,,,1.3,BuffAddDamage+994502+0.3&BuffAddBuff+994502+0+993516,,,,,1,1,21,21,,,,
23005,1,R18_P23_skill_2_1,,1,,,1.3,BuffAddDamage+994502+0.3&BuffAddBuff+994502+0+993516,,,,,1,1,10,21,,,,
23006,,R18_P23_skill_1_0,,3,10,,1.2,,,,1,994512,,1,10,10,,,,
23006,1,R18_P23_skill_1_1,,1,,,,,,,,,1,1,,,,,,
23007,,R18_P23_skill_2_0,,1,,,1.85,BuffAddDamage+994502+0.3&BuffAddBuff+994502+0+993516,,,,,1,1,21,21,,,,
23007,1,R18_P23_skill_2_1,,1,,,1.85,BuffAddDamage+994502+0.3&BuffAddBuff+994502+0+993516,,,,,1,1,10,21,,,,
24001,,R18_P24_atk_1_0,,1,,,0.47,,,,,,,1,10,,,,,
24002,,R18_P24_atk_1_0,,1,,,0.47,,,,,,,1,10,,,,,
24003,,R18_P24_atk_1_0,,1,,,0.47,,,,,,,1,10,,,,,
24004,,R18_P24_skill_1_0,,3,10,,1.1,,,,1,991505,,1,10,10,,,,
24004,1,R18_P24_skill_1_1,,1,,,0.2,,,,,,1,1,10,10,,,,
24005,,R18_P24_skill_2_0,,1,,2,,,,,,,1,,,,,,,
24005,1,R18_P24_skill_2_1,,1,,,2.5,BuffAddBuff+991505+0+993517,,,,,1,1,21,21,,,,
24006,,R18_P24_skill_1_0,,3,10,,1.32,,,,1,991505,,1,10,10,,,,
24006,1,R18_P24_skill_1_1,,1,,,0.3,,,,,,1,1,10,10,,,,
24007,,R18_P24_skill_2_0,,1,,2,,,,,,,1,,,,,,,
24007,1,R18_P24_skill_2_1,,1,,,2.5,BuffAddBuff+991505+0+993517,,,,,1,1,21,21,,,,
25001,,R18_P25_atk_1_0,,1,,,1.15,,,,,,,1,10,,,,,
25002,,R18_P25_atk_1_0,,1,,,1.15,,,,,,,1,10,,,,,
25003,,R18_P25_atk_1_0,,1,,,1.15,,,,,,,,10,,,,,
25004,,R18_P25_skill_1_0,,1,,,2.06,,,,1,992507-991506,1,1,10,10,,,,
25004,1,R18_P25_skill_1_1,,1,,,,,,,,,1,1,,,,,,
25005,,R18_P25_skill_2_0,,1,,,1.4,,,,,,1,1,10,10,,,,
25005,1,R18_P25_skill_2_1,,1,,,,,,,1,993009,1,1,,,,,,
25005,2,R18_P25_skill_2_2,,1,3,,,,,,,,,1,,,,,,
25005,3,R18_P25_skill_2_3,,1,3,,,,,,,,,1,,,,,,
25006,,R18_P25_skill_1_0,,1,,,2.06,,,,1,992507-991506,1,1,10,10,,,,
25006,1,R18_P25_skill_1_1,,1,,,,,,,,,1,1,,,,,,
25007,,R18_P25_skill_2_0,,1,,,2.1,,,,,,1,1,10,10,,,,
25007,1,R18_P25_skill_2_1,,1,,,,,,,1,993011,1,1,,,,,,
25007,2,R18_P25_skill_2_2,,1,3,,,,,,,,,1,,,,,,
25007,3,R18_P25_skill_2_3,,1,3,,,,,,,,,1,,,,,,
26001,,R18_P26_atk_1_0,,1,,,0.65,,,,,,,1,10,,,,,
26001,1,R18_P26_atk_1_1,,1,,,0.65,,,,,,,1,10,,,,,
26002,,R18_P26_atk_1_0,,1,,,0.65,,,,,,,1,10,,,,,
26002,1,R18_P26_atk_1_1,,1,,,0.65,,,,,,,1,10,,,,,
26003,,R18_P26_atk_1_0,,1,,,0.65,,,,,,,1,10,,,,,
26003,1,R18_P26_atk_1_1,,1,,,0.65,,,,,,,1,10,,,,,
26004,,R18_P26_skill_1_0,,1,,,,,,,,,,1,,,,,,
26004,1,R18_P26_skill_1_1,,1,,,1.87,,,,1,993520,1,1,10,10,,,,
26005,,R18_P26_skill_2_0,R18_P26_skill_2_0_E,1,,,,,,,,,,1,,,,,,
26005,,R18_P26_skill_2_1,,1,,,2.5,BuffAddBuff+993520+0+993521,,,,,1,1,10,10,,,,
26006,,R18_P26_skill_1_0,,1,,,,,,,,,,1,,,,,,
26006,1,R18_P26_skill_1_1,,1,,,2.2,,,,1,993522,1,1,10,10,,,,
26007,,R18_P26_skill_2_0,R18_P26_skill_2_0_E,1,,,,,,,,,,1,,,,,,
26007,,R18_P26_skill_2_1,,1,,,2.9,BuffAddBuff+993522+0+993523,,,,,1,1,21,21,,,,
27001,,R18_P27_atk_1_0,,1,,,,,,,,,,1,,,,,,
27001,1,R18_P27_atk_1_1,,1,,,1,,,,,,1,1,10,,,,,
27002,,R18_P27_atk_1_0,,1,,,,,,,,,,1,,,,,,
27002,1,R18_P27_atk_1_1,,1,,,1,,,,,,1,1,10,,,,,
27003,,R18_P27_atk_1_0,,1,,,,,,,,,,1,,,,,,
27003,1,R18_P27_atk_1_1,,1,,,1,,,,,,1,1,10,,,,,
27004,,R18_P27_skill_1_0,,1,,,,,,,,,,1,,,,,,
27004,1,R18_P27_skill_1_1,,1,,,2.1,,,,1,994514-991507,1,1,10,10,,,,
27005,,R18_P27_skill_2_0,R18_P27_skill_2_0_E,1,,,0.3,,,,,,1,1,10,10,,,,
27005,1,R18_P27_skill_2_1,,1,,,,,,,,,1,1,,,,,,
27005,2,R18_P27_skill_2_2,,1,,,,,,,,,1,1,,,,,,
27005,3,R18_P27_skill_2_3,,1,,,,,,,,,1,1,,,,,,
27005,4,R18_P27_skill_2_4,,1,,,,,,,,,1,1,,,,,,
27005,5,R18_P27_skill_2_5,,1,,,2.7,,,,,,1,1,10,10,,,,
27006,,R18_P27_skill_1_0,,1,,,,,,,,,,1,,,,,,
27006,1,R18_P27_skill_1_1,,1,,,2.1,,,,1,994514-991507,1,1,10,10,,,,
27007,,R18_P27_skill_2_0,R18_P27_skill_2_0_E,1,,,0.4,,,,,,1,1,10,10,,,,
27007,1,R18_P27_skill_2_1,,1,,,,,,,,,1,1,,,,,,
27007,2,R18_P27_skill_2_2,,1,,,,,,,,,1,1,,,,,,
27007,3,R18_P27_skill_2_3,,1,,,,,,,,,1,1,,,,,,
27007,4,R18_P27_skill_2_4,,1,,,,,,,,,1,1,,,,,,
27007,5,R18_P27_skill_2_5,,1,,,3.51,,,,,,1,1,10,10,,,,
28001,,R18_P28_atk_1_0,,1,,,0.65,,,,,,,1,10,,,,,
28001,1,R18_P28_atk_1_1,,1,,,0.65,,,,,,,1,10,,,,,
28002,,R18_P28_atk_1_0,,1,,,0.65,,,,,,,1,10,,,,,
28002,1,R18_P28_atk_1_1,,1,,,0.65,,,,,,,1,10,,,,,
28003,,R18_P28_atk_1_0,,1,,,0.65,,,,,,,1,10,,,,,
28003,1,R18_P28_atk_1_1,,1,,,0.65,,,,,,,1,10,,,,,
28004,,R18_P28_skill_1_0,,3,10,,1.4,,,,1,992801,1,1,10,,,,,
28005,,R18_P28_skill_2_0,,1,,,,,,,,,1,,,,,,,
28005,1,R18_P28_skill_2_1,,1,,,,,,,,,1,,,,,,,
28005,2,R18_P28_skill_2_2,,1,,,,,,,,,1,,,,,,,
28005,3,R18_P28_skill_2_3,,1,,,,,,,,,1,,,,,,,
28005,4,R18_P28_skill_2_4,,1,,,,,,,,,1,,,,,,,
28005,5,R18_P28_skill_2_5,R18_P28_skill_2_5_E,1,,,2.6,,,,,,1,1,10,,,,,
28006,,R18_P28_skill_1_0,,3,10,,1.82,,,,1,992801,1,1,10,,,,,
28007,,R18_P28_skill_2_0,,1,,,,,,,,,1,,,,,,,
28007,1,R18_P28_skill_2_1,,1,,,,,,,,,1,,,,,,,
28007,2,R18_P28_skill_2_2,,1,,,,,,,,,1,,,,,,,
28007,3,R18_P28_skill_2_3,,1,,,,,,,,,1,,,,,,,
28007,4,R18_P28_skill_2_4,,1,,,,,,,,,1,,,,,,,
28007,5,R18_P28_skill_2_5,R18_P28_skill_2_5_E,1,,,3.38,,,,,,1,1,21,21,,,,
29001,,R18_P29_atk_1_0,,1,,,0.47,,,,,,,1,10,,,,,
29002,,R18_P29_atk_1_0,,1,,,0.47,,,,,,,1,10,,,,,
29003,,R18_P29_atk_1_0,,1,,,0.47,,,,,,,1,10,,,,,
29004,,R18_P29_skill_1_0,,1,,,2.25,BuffAddDamage+997022+0.3&BuffAddBuff+997022+0+997023,,,,,,1,10,,,,,
29004,1,R18_P29_skill_1_1,,1,,,2.25,BuffAddDamage+997022+0.3&BuffAddBuff+997022+0+997023,,,,,,1,10,,,,,
29004,2,R18_P29_skill_1_2,,1,,,2.25,BuffAddDamage+997022+0.3&BuffAddBuff+997022+0+997023,,,,,,1,10,,,,,
29004,3,R18_P29_skill_1_3,,1,,,2.25,BuffAddDamage+997022+0.3&BuffAddBuff+997022+0+997023,,,,,,1,10,,,,,
29005,,R18_P29_skill_2_0,,1,,,2.4,,,,1,992508-997021-997022,1,1,10,,,,,
29005,1,R18_P29_skill_2_1,,1,,,2.4,,,,1,992508-997021-997022,1,1,10,,,,,
29005,2,R18_P29_skill_2_2,,1,,,2.4,,,,1,992508-997021-997022,1,1,10,,,,,
29006,,R18_P29_skill_1_0,,1,,,2.92,BuffAddDamage+997022+0.3&BuffAddBuff+997022+0+997023,,,,,,1,21,21,,,,
29006,1,R18_P29_skill_1_1,,1,,,2.92,BuffAddDamage+997022+0.3&BuffAddBuff+997022+0+997023,,,,,,1,21,21,,,,
29006,2,R18_P29_skill_1_2,,1,,,2.92,BuffAddDamage+997022+0.3&BuffAddBuff+997022+0+997023,,,,,,1,21,21,,,,
29006,3,R18_P29_skill_1_3,,1,,,2.92,BuffAddDamage+997022+0.3&BuffAddBuff+997022+0+997023,,,,,,1,21,21,,,,
29007,,R18_P29_skill_2_0,,1,,,2.4,,,,1,992508-997021-997022,1,1,10,,,,,
29007,1,R18_P29_skill_2_1,,1,,,2.4,,,,1,992508-997021-997022,1,1,10,,,,,
29007,2,R18_P29_skill_2_2,,1,,,2.4,,,,1,992508-997021-997022,1,1,10,,,,,
30001,,R18_P30_atk_1_0,,1,,,0.65,,,,,,,1,10,,,,,
30001,1,R18_P30_atk_1_1,,1,,,0.65,,,,,,,1,10,,,,,
30002,,R18_P30_atk_1_0,,1,,,0.65,,,,,,,1,10,,,,,
30002,1,R18_P30_atk_1_1,,1,,,0.65,,,,,,,1,10,,,,,
30003,,R18_P30_atk_1_0,,1,,,0.65,,,,,,,1,10,,,,,
30003,1,R18_P30_atk_1_1,,1,,,0.65,,,,,,,1,10,,,,,
30004,,R18_P30_skill_1_0,,3,10,,1.3,,,,1,992509-993524,1,1,10,,,,,
30005,,R18_P30_skill_2_0,,1,,,,,,,,,1,,,,,,,
30005,1,R18_P30_skill_2_1,,1,,2,,,,,,,1,1,21,21,,,,
30005,2,R18_P30_skill_2_2,,1,,1,2.6,,,,1,994515-999999,1,1,21,21,,,,
30006,,R18_P30_skill_1_1,,3,10,,1.3,,,,1,992509-993526-995501,1,1,10,,,,,
30006,1,R18_P30_skill_1_2,,3,10,,0.65,,,,,,1,1,10,,,,,
30007,,R18_P30_skill_2_0,,1,,,,,,,,,1,,,,,,,
30007,1,R18_P30_skill_2_1,,1,,2,,,,,,,1,1,21,21,,,,
30007,2,R18_P30_skill_2_2,,1,,1,2.6,,,,1,994515-999998,1,1,21,21,,,,
31001,,R18_P31_atk_1_0,,1,,,1.15,,,,,,,1,10,,,,,
31002,,R18_P31_atk_1_0,,1,,,1.15,,,,,,,1,10,,,,,
31003,,R18_P31_atk_1_0,,1,,,1.15,,,,,,,,10,,,,,
31004,,R18_P31_skill_1_0,,1,,,2.06,,,,1,997024,,1,10,,,,,
31004,1,R18_P31_skill_1_1,,1,,,2.06,,,,1,997024,,1,10,,,,,
31004,2,R18_P31_skill_1_2,,1,,,2.06,,,,1,997024,,1,10,,,,,
31004,3,R18_P31_skill_1_3,,1,,,2.06,,,,1,997024,,1,10,,,,,
31004,4,R18_P31_skill_1_4,,1,,,2.06,,,,1,997024,,1,10,,,,,
31004,5,R18_P31_skill_1_5,,1,,,2.06,,,,1,997024,,1,10,,,,,
31004,6,R18_P31_skill_1_6,,1,,,2.06,,,,1,997024,,1,10,,,,,
31005,,R18_P31_skill_2_0,,1,,,,,,,,,,1,10,,,,,
31005,1,R18_P31_skill_2_1,,1,,,2.6,,,,,,1,1,21,21,,,,
31006,,R18_P31_skill_1_0,,1,,,2.06,,,,1,997024-993528,,1,10,,,,,
31006,1,R18_P31_skill_1_1,,1,,,2.06,,,,1,997024-993528,,1,10,,,,,
31006,2,R18_P31_skill_1_2,,1,,,2.06,,,,1,997024-993528,,1,10,,,,,
31006,3,R18_P31_skill_1_3,,1,,,2.06,,,,1,997024-993528,,1,10,,,,,
31006,4,R18_P31_skill_1_4,,1,,,2.06,,,,1,997024-993528,,1,10,,,,,
31006,5,R18_P31_skill_1_5,,1,,,2.06,,,,1,997024-993528,,1,10,,,,,
31006,6,R18_P31_skill_1_6,,1,,,2.06,,,,1,997024-993528,,1,10,,,,,
31007,,R18_P31_skill_2_0,,1,,,,,,,,,,1,10,,,,,
31007,1,R18_P31_skill_2_1,,1,,,2.6,BuffAddDamage+994506+0.3&BuffAddBuff+994506+0+993530,,,,,1,1,21,21,,,,
32001,,R18_P32_atk_1_0,,1,,,0.65,,,,,,,1,10,,,,,
32001,1,R18_P32_atk_1_1,,1,,,0.65,,,,,,,1,10,,,,,
32002,,R18_P32_atk_1_0,,1,,,0.65,,,,,,,1,10,,,,,
32002,1,R18_P32_atk_1_1,,1,,,0.65,,,,,,,1,10,,,,,
32003,,R18_P32_atk_1_0,,1,,,0.65,,,,,,,1,10,,,,,
32003,1,R18_P32_atk_1_1,,1,,,0.65,,,,,,,1,10,,,,,
32004,,R18_P32_skill_1_0,,1,,,,,,,,,1,1,,,,,,
32004,1,R18_P32_skill_1_1,,1,,,,,,,,,1,1,,,,,,
32004,2,R18_P32_skill_1_2,,1,,,,,,,,,1,1,,,,,,
32004,3,R18_P32_skill_1_3,,1,,,,,,,,,1,1,,,,,,
32004,4,R18_P32_skill_1_4,,1,,,,,,,,,1,1,,,,,,
32004,5,R18_P32_skill_1_5,,1,,,0.55,,,,1,992510-994516,,1,10,,,,,
32004,6,R18_P32_skill_1_6,,1,,,0.55,,,,1,992510-994516,,1,10,,,,,
32004,7,R18_P32_skill_1_7,,1,,,0.55,,,,1,992510-994516,,1,10,,,,,
32004,8,R18_P32_skill_1_8,,1,,,0.55,,,,1,992510-994516,,1,10,,,,,
32004,9,R18_P32_skill_1_9,,1,,,0.55,,,,1,992510-994516,,1,10,,,,,
32004,10,R18_P32_skill_1_10,,1,,,,,,,,,1,1,,,,,,
32005,,R18_P32_skill_2_0,,1,,,2.6,,,,1,993525,1,1,10,,,,,
32005,1,R18_P32_skill_2_1,,1,,,,,,,,,1,1,,,,,,
32006,,R18_P32_skill_1_0,,1,,,,,,,,,1,1,,,,,,
32006,1,R18_P32_skill_1_1,,1,,,,,,,,,1,1,,,,,,
32006,2,R18_P32_skill_1_2,,1,,,,,,,,,1,1,,,,,,
32006,3,R18_P32_skill_1_3,,1,,,,,,,,,1,1,,,,,,
32006,4,R18_P32_skill_1_4,,1,,,,,,,,,1,1,,,,,,
32006,5,R18_P32_skill_1_5,,1,,,0.55,,,,1,992510-994516,,1,10,,,,,
32006,6,R18_P32_skill_1_6,,1,,,0.55,,,,1,992510-994516,,1,10,,,,,
32006,7,R18_P32_skill_1_7,,1,,,0.55,,,,1,992510-994516,,1,10,,,,,
32006,8,R18_P32_skill_1_8,,1,,,0.55,,,,1,992510-994516,,1,10,,,,,
32006,9,R18_P32_skill_1_9,,1,,,0.55,,,,1,992510-994516,,1,10,,,,,
32006,11,R18_P32_skill_1_11,,1,,,,,,,,,1,1,,,,,,
32006,12,R18_P32_skill_1_12,,1,,,,,,,,,1,1,,,,,,
32006,13,R18_P32_skill_1_13,,1,,,,,,,,,1,1,,,,,,
32006,14,R18_P32_skill_1_14,,1,,,0.3,,,,1,992510-994516,1,1,,,,,,
32006,15,R18_P32_skill_1_15,,1,,,0.3,,,,1,992510-994516,1,1,,,,,,
32006,16,R18_P32_skill_1_16,,1,,,0.3,,,,1,992510-994516,,1,10,,,,,
32006,10,R18_P32_skill_1_10,,1,,,,,,,,,1,1,,,,,,
32007,,R18_P32_skill_2_0,,1,,,2.6,,,,1,993534,1,1,10,,,,,
32007,1,R18_P32_skill_2_1,,1,,,,,,,,,1,1,,,,,,
33001,,R18_P33_atk_1_0,,1,,,0.65,,,,,,,1,10,,,,,
33001,1,R18_P33_atk_1_1,,1,,,0.65,,,,,,,1,10,,,,,
33002,,R18_P33_atk_1_0,,1,,,0.65,,,,,,,1,10,,,,,
33002,1,R18_P33_atk_1_1,,1,,,0.65,,,,,,,1,10,,,,,
33003,,R18_P33_atk_1_0,,1,,,0.65,,,,,,,1,10,,,,,
33003,1,R18_P33_atk_1_1,,1,,,0.65,,,,,,,1,10,,,,,
33004,,R18_P33_skill_1_0,,1,,2,,,,,,,1,,,,,,,
33004,1,R18_P33_skill_1_1,R18_P33_skill_1_1_E,1,,,2.06,,,,1,991508,1,1,21,21,,,,
33004,2,R18_P33_skill_1_2,,1,,2,,,,,,,1,,,,,,,
33004,3,R18_P33_skill_1_3,,1,,,,,,,,,1,,,,,,,
33005,,R18_P33_skill_2_0,,1,,,2.1,,,,,,1,1,10,,,,,
33005,1,R18_P33_skill_2_1,,1,,,,,,,,,1,,,,,,,
33006,,R18_P33_skill_1_0,,1,,2,,,,,,,1,,,,,,,
33006,1,R18_P33_skill_1_1,R18_P33_skill_1_1_E,1,,,2.06,,,,1,991508-995507,1,1,21,21,,,,
33006,2,R18_P33_skill_1_2,,1,,2,,,,,,,1,,,,,,,
33006,3,R18_P33_skill_1_3,,1,,,,,,,,,1,,,,,,,
33007,,R18_P33_skill_2_0,,1,,,2.1,,,,,,1,1,10,,,,,
33007,1,R18_P33_skill_2_1,,1,,,,,,,,,1,,,,,,,
34001,,R18_P34_atk_1_0,,1,,,1.15,,,,,,,1,10,,,,,
34002,,R18_P34_atk_1_0,,1,,,1.15,,,,,,,1,10,,,,,
34003,,R18_P34_atk_1_0,,1,,,1.15,,,,,,,,10,,,,,
34004,,R18_P34_skill_1_0,,1,,,2.1,,,,1,997028,1,1,10,21,,,,
34005,99,R18_P34_skill_2_0,,1,,,,,,,,,1,,,,,,,
34005,1,R18_P34_skill_2_1,,1,,,,,,,,,1,1,,,,,,
34005,2,R18_P34_skill_2_2,,1,,,2.6,,,,,,1,1,21,21,,,,
34005,3,R18_P34_skill_2_3,,1,,,2.6,,,,,,1,1,21,21,,,,
34006,,R18_P34_skill_1_0,,1,,,2.1,,,,1,997028,1,1,10,21,,,,
34007,1,R18_P34_skill_2_1,,1,,,,,,,,,1,1,,,,,,
34007,2,R18_P34_skill_2_2,,1,,,2.6,,,,,,1,1,21,21,,,,
34007,3,R18_P34_skill_2_3,,1,,,2.6,,,,,,1,1,21,21,,,,
35001,,R18_P35_atk_1_0,,1,,,1.15,,,,,,,1,10,,,,,
35002,,R18_P35_atk_1_0,,1,,,1.15,,,,,,,1,10,,,,,
35003,,R18_P35_atk_1_0,,1,,,1.15,,,,,,,,10,,,,,
35004,,R18_P35_skill_1_0,R18_P35_skill_1_0_E,1,,,0.6,,,,1,991509,1,1,10,10,,,,
35004,1,R18_P35_skill_1_1,,1,,,,,,,1,993014,1,1,,,,,,
35004,2,R18_P35_skill_1_2,,1,,,2.06,,,,,,1,1,10,10,,,,
35005,,R18_P35_skill_2_0,,1,,2,,,,,,,1,,,,,,,
35005,1,R18_P35_skill_2_1,,1,,,2.6,,,,,,1,1,21,21,,,,
35006,,R18_P35_skill_1_0,R18_P35_skill_1_0_E,1,,,0.9,,,,1,991509-999055,1,1,10,10,,,,
35006,1,R18_P35_skill_1_1,,1,,,,,,,1,993014,1,1,,,,,,
35006,2,R18_P35_skill_1_2,,1,,,2.06,,,,,,1,1,10,10,,,,
35007,,R18_P35_skill_2_0,,1,,2,,,,,,,1,,,,,,,
35007,1,R18_P35_skill_2_1,,1,,,2.6,,,,,,1,1,21,21,,,,
36001,,R18_P36_atk_1_0,,1,,,1,,,,,,,1,10,,,,,
36002,,R18_P36_atk_1_0,,1,,,1,,,,,,,1,10,,,,,
36003,,R18_P36_atk_1_0,,1,,,1,,,,,,,1,10,,,,,
36004,,R18_P36_skill_2_0,,1,,,2.15,,,,1,999039-993531,1,1,21,21,,,,
36004,1,R18_P36_skill_2_1,,1,,,,,,,,,1,1,,,,,,
36005,,R18_P36_skill_1_0,R18_P36_skill_1_0_E,1,,,2.5,BuffAddDamage+993531+0.3&BuffAddBuff+993531+0+993532,,,1,991510-992512,1,1,10,10,,,,
36006,,R18_P36_skill_2_0,,1,,,2.15,,,,1,999039-993531-994528,1,1,21,21,,,,
36006,1,R18_P36_skill_2_1,,1,,,,,,,,,1,1,,,,,,
36007,,R18_P36_skill_1_0,R18_P36_skill_1_0_E,1,,,2.5,BuffAddDamage+993531+0.3&BuffAddBuff+993531+0+993532,,,1,991510-992512,1,1,10,10,,,,
36007,1,R18_P36_skill_1_1,,1,,1,,,,,,,1,,,,,,,
37001,,R18_P37_atk_1_0,,3,10,,1.15,,,,,,1,1,10,,,,,
37002,,R18_P37_atk_1_0,,3,10,,1.15,,,,,,1,1,10,,,,,
37003,,R18_P37_atk_1_0,,3,10,,1.15,,,,,,1,1,10,,,,,
37004,,R18_P37_skill_1_0,,3,10,,1.3,,,,1,992509,,1,10,,,,,
37005,,R18_P37_skill_2_0,,1,,2,,,,,,,1,,,,,,,
37005,1,R18_P37_skill_2_1,,1,,,2.6,,,,1,997029,1,1,10,,,,,
37006,,R18_P37_skill_1_0,,3,10,,1.3,,,,1,992509,,1,10,,,,,
37007,,R18_P37_skill_2_0,,1,,2,,,,,,,1,,,,,,,
37007,1,R18_P37_skill_2_1,,1,,,2.6,,,,1,997029,1,1,10,,,,,
38001,,R18_P38_atk_1_0,,1,,,0.9,,,,,,,1,10,,,,,
38001,1,R18_P38_atk_1_1,,1,,,0.9,,,,,,,1,10,,,,,
38002,,R18_P38_atk_1_0,,1,,,0.9,,,,,,,1,10,,,,,
38002,1,R18_P38_atk_1_1,,1,,,0.9,,,,,,,1,10,,,,,
38003,,R18_P38_atk_1_0,,1,,,0.9,,,,,,,1,10,,,,,
38003,1,R18_P38_atk_1_1,,1,,,0.9,,,,,,,1,10,,,,,
38004,,R18_P38_skill_1_0,,1,,,1.4,,,,1,992515,1,1,,,,,,
38004,1,R18_P38_skill_1_1,,1,,,1.95,,,,1,992515,1,,,,,,,
38005,,R18_P38_skill_2_0,,1,,1,2.6,BuffAddDamage+992515+0.3&BuffAddBuff+992515+0+992514,,,,,1,1,21,21,,,,
38006,,R18_P38_skill_1_2,,1,,,1.85,,,,1,992515,1,1,,,,,,
38006,1,R18_P38_skill_1_1,,1,,,1.95,,,,1,992515,1,,,,,,,
38007,,R18_P38_skill_2_0,,1,,1,3.38,BuffAddDamage+992515+0.6&BuffAddBuff+992515+0+992518,,,,,1,1,21,21,,,,
39001,,R18_P39_atk_1_0,,1,,,0.47,BuffAddBuff+993540+0+993544,,,,,,1,10,,,,,
39002,,R18_P39_atk_1_0,,1,,,0.47,BuffAddBuff+993540+0+993544,,,,,,1,10,,,,,
39003,,R18_P39_atk_1_0,,1,,,0.47,BuffAddBuff+993540+0+993544,,,,,,1,10,,,,,
39004,,R18_P39_skill_1_0,,1,,,2.06,BuffAddBuff+993540+0+993544,,,1,993540,1,1,10,10,,,,
39004,1,R18_P39_skill_1_1,R18_P39_skill_1_1_E,1,,,0.25,BuffAddBuff+993540+0+993544,,,1,994511,1,2,10,10,,,,
39004,2,R18_P39_skill_1_2,,1,,,0.5,BuffAddBuff+993540+0+993544,,,,,1,1,10,10,,,,
39005,,R18_P39_skill_2_0,,1,,,2.6,BuffAddBuff+993540+0+993544,,,,,1,,,,,,,
39005,3,R18_P39_skill_2_1,,1,3,,,,,,,,,1,10,,,,,
39005,4,R18_P39_skill_2_2,,1,,,,,,,,,1,,10,10,,,,
39005,1,R18_P39_skill_2_3,R18_P39_skill_2_3_E,1,,,0.4,BuffAddBuff+993540+0+993544,,,1,994511,1,2,10,10,,,,
39005,2,R18_P39_skill_1_2,,1,,,0.8,BuffAddBuff+993540+0+993544,,,,,1,1,10,10,,,,
40001,,R18_P40_atk_1_0,,1,,,1.15,,,,,,,1,10,,,,,
40002,,R18_P40_atk_1_0,,1,,,1.15,,,,,,,1,10,,,,,
40003,,R18_P40_atk_1_0,,1,,,1.15,,,,,,,1,10,,,,,
40004,,R18_P40_skill_1_0,,1,,,1.05,,,,1,993545,1,1,10,21,,,,
40004,1,R18_P40_skill_1_1,,1,,,1.05,,,,1,993545,1,1,10,21,,,,
40005,,R18_P40_skill_2_0,,1,,2,,,,,,,1,,,,,,,
40005,1,R18_P40_skill_2_1,,1,,,2.5,,,,1,990029-997015,1,1,10,,,,,
40005,2,R18_P40_skill_2_2,,1,,3,,,,,,,1,1,,,,,,
40005,3,R18_P40_skill_2_3,,1,,,,,,,,,1,1,,,,,,
41001,,R18_P41_atk_1_0,,1,,,0.9,,,,,,,1,10,,,,,
41001,1,R18_P41_atk_1_1,,1,,,0.9,,,,,,,1,10,,,,,
41002,,R18_P41_atk_1_0,,1,,,0.9,,,,,,,1,10,,,,,
41002,1,R18_P41_atk_1_1,,1,,,0.9,,,,,,,1,10,,,,,
41003,,R18_P41_atk_1_0,,1,,,0.9,,,,,,,1,10,,,,,
41003,1,R18_P41_atk_1_1,,1,,,0.9,,,,,,,1,10,,,,,
41004,,R18_P41_skill_1_0,,1,,,2.06,,,,,,1,1,10,21,,,,
41005,,R18_P41_skill_2_0,,1,,2,,,,,,,1,,,,,,,
41005,1,R18_P41_skill_2_1,,1,,,2.6,,,,1,998024,1,1,21,21,,,,
42001,,R18_P42_atk_1_0,,1,,,0.47,,,,,,,1,10,,,,,
42002,,R18_P42_atk_1_0,,1,,,0.47,,,,,,,1,10,,,,,
42003,,R18_P42_atk_1_0,,1,,,0.47,,,,,,,1,10,,,,,
42004,,R18_P42_skill_1_0,,3,10,,1.2,,,,1,992509-997032,,1,10,,,,,
42005,,R18_P42_skill_2_0,,1,,,,,,,,997501,1,1,10,,,,,
42005,1,R18_P42_skill_2_1,,1,,,2.7,,,,,997501,1,1,10,10,,,,
42005,2,R18_P42_skill_2_2,R18_P42_skill_2_2_E,1,,,,,,,1,993014-990048,,1,,,,,,
42005,3,R18_P42_skill_2_3,,1,,,0.3,,,,,,1,1,,,,,,
90001,,R18_P90_atk_1_0,,1,,,1,,,,,,,1,10,,,,,
90002,,R18_P90_atk_1_0,,1,,,1,,,,,,,1,10,,,,,
90003,,R18_P90_atk_1_0,,1,,,1,,,,,,,1,10,,,,,
90004,,R18_P90_skill_1_0,,1,,,1.92,,,,1,997018,,1,10,10,,,,
90004,1,R18_P90_skill_1_1,,1,,,1.92,,,,1,997018,,1,10,10,,,,
90004,2,R18_P90_skill_1_2,,1,,,1.92,,,,1,997018,,1,10,10,,,,
90004,3,R18_P90_skill_1_3,,1,,,1.92,,,,1,997018,,1,10,10,,,,
90005,,R18_P90_skill_2_0,,1,,,,,,,,,,1,10,10,,,,
90005,1,R18_P90_skill_2_1,,3,30,,,,,,,,1,1,10,10,,,,
90005,2,R18_P90_skill_2_2,,1,,,,,,,1,993515,1,1,10,10,,,,
90005,3,R18_P90_skill_2_3,,1,,,2.6,,,,,,1,1,10,10,,,,
90005,4,R18_P90_skill_2_4,,1,,,,,,,1,993515,1,1,10,10,,,,
90006,,R18_P90_skill_1_0,,1,,,1.92,,,,1,997018,,1,10,10,,,,
90006,1,R18_P90_skill_1_1,,1,,,1.92,,,,1,997018,,1,10,10,,,,
90006,2,R18_P90_skill_1_2,,1,,,1.92,,,,1,997018,,1,10,10,,,,
90006,3,R18_P90_skill_1_3,,1,,,1.92,,,,1,997018,,1,10,10,,,,
90007,,R18_P90_skill_2_0,,1,,,,,,,,,,1,10,10,,,,
90007,1,R18_P90_skill_2_1,,3,30,,,,,,,,1,1,10,10,,,,
90007,2,R18_P90_skill_2_2,,1,,,,,,,1,993519,1,1,10,10,,,,
90007,3,R18_P90_skill_2_3,,1,,,3.38,,,,,,1,1,10,10,,,,
90007,4,R18_P90_skill_2_4,,1,,,,,,,1,993519,1,1,10,10,,,,
91001,,R18_P91_atk_1_0,,1,,,0.47,,,,,,,1,10,,,,,
91002,,R18_P91_atk_1_0,,1,,,0.47,,,,,,,1,10,,,,,
91003,,R18_P91_atk_1_0,,1,,,0.47,,,,,,,1,10,,,,,
91004,,R18_P91_skill_1_0,,1,,,2.06,,,,1,997019,1,1,10,10,,,,
91005,,R18_P91_skill_2_0,,1,,,2.6,,,,1,997020,1,1,10,10,,,,
91005,1,R18_P91_skill_2_1,,1,,,1.2,,,,,,1,1,10,10,,,,
91005,2,R18_P91_skill_2_2,,1,,2,,,,,,,1,1,,,,,,
91005,3,R18_P91_skill_2_3,,1,,2,,,,,,,1,1,,,,,,
91005,4,R18_P91_skill_2_4,R18_P91_skill_2_4_E,1,,,0.6,,,,1,994511,1,1,10,10,,,,
91006,,R18_P91_skill_1_0,,1,,,2.06,,,,1,997019,1,1,10,10,,,,
91007,,R18_P91_skill_2_0,,1,,,2.6,,,,1,997020,1,1,10,10,,,,
91007,1,R18_P91_skill_2_1,,1,,,1.2,,,,,,1,1,10,10,,,,
91007,2,R18_P91_skill_2_2,,1,,2,,,,,,,1,1,,,,,,
91007,3,R18_P91_skill_2_3,,1,,2,,,,,,,1,1,,,,,,
91007,4,R18_P91_skill_2_4,R18_P91_skill_2_4_E,1,,,0.6,,,,1,994511,1,1,10,10,,,,
4101,,R18_P04_pet_01_atk_1_0,,1,,1,0.6,,,,,,1,1,10,,,,,
4101,1,R18_P04_pet_01_atk_1_1,,1,,1,0.6,,,,,,1,1,10,,,,,
4101,2,R18_P04_pet_01_atk_1_2,,1,,1,0.6,,,,,,1,1,10,,,,,
4101,3,R18_P04_pet_01_atk_1_3,,1,,1,0.6,,,,,,1,1,10,,,,,
4102,,R18_P04_pet_01_atk_1_0,,1,,1,0.6,,,,,,1,1,10,,,,,
4102,1,R18_P04_pet_01_atk_1_1,,1,,1,0.6,,,,,,1,1,10,,,,,
4102,2,R18_P04_pet_01_atk_1_2,,1,,1,0.6,,,,,,1,1,10,,,,,
4102,3,R18_P04_pet_01_atk_1_3,,1,,1,0.6,,,,,,1,1,10,,,,,
4103,,R18_P04_pet_01_atk_1_0,,1,,1,0.6,,,,,,1,1,10,,,,,
4103,1,R18_P04_pet_01_atk_1_1,,1,,1,0.6,,,,,,1,1,10,,,,,
4103,2,R18_P04_pet_01_atk_1_2,,1,,1,0.6,,,,,,1,1,10,,,,,
4103,3,R18_P04_pet_01_atk_1_3,,1,,1,0.6,,,,,,1,1,10,,,,,
4104,,R18_P04_pet_01_atk_1_0,,1,,1,0.6,,,,,,1,1,10,,,,,
4104,1,R18_P04_pet_01_atk_1_1,,1,,1,0.6,,,,,,1,1,10,,,,,
4104,2,R18_P04_pet_01_atk_1_2,,1,,1,0.6,,,,,,1,1,10,,,,,
4104,3,R18_P04_pet_01_atk_1_3,,1,,1,0.6,,,,,,1,1,10,,,,,
4105,,R18_P04_pet_01_atk_2_0,,1,,,,,,,1,997006,1,1,10,,,,,
4106,,R18_P04_pet_01_atk_1_0,,1,,1,0.6,,,,1,993505,1,1,10,,,,,
4106,1,R18_P04_pet_01_atk_1_1,,1,,1,0.6,,,,1,993505,1,1,10,,,,,
4106,2,R18_P04_pet_01_atk_1_2,,1,,1,0.6,,,,1,993505,1,1,10,,,,,
4106,3,R18_P04_pet_01_atk_1_3,,1,,1,0.6,,,,1,993505,1,1,10,,,,,
4107,,R18_P04_pet_01_atk_1_0,,1,,1,0.6,,,,1,993505,1,1,10,,,,,
4107,1,R18_P04_pet_01_atk_1_1,,1,,1,0.6,,,,1,993505,1,1,10,,,,,
4107,2,R18_P04_pet_01_atk_1_2,,1,,1,0.6,,,,1,993505,1,1,10,,,,,
4107,3,R18_P04_pet_01_atk_1_3,,1,,1,0.6,,,,1,993505,1,1,10,,,,,
4108,,R18_P04_pet_01_atk_1_0,,1,,1,0.6,,,,1,993505,1,1,10,,,,,
4108,1,R18_P04_pet_01_atk_1_1,,1,,1,0.6,,,,1,993505,1,1,10,,,,,
4108,2,R18_P04_pet_01_atk_1_2,,1,,1,0.6,,,,1,993505,1,1,10,,,,,
4108,3,R18_P04_pet_01_atk_1_3,,1,,1,0.6,,,,1,993505,1,1,10,,,,,
4109,,R18_P04_pet_01_atk_1_0,,1,,1,0.6,,,,1,993505,1,1,10,,,,,
4109,1,R18_P04_pet_01_atk_1_1,,1,,1,0.6,,,,1,993505,1,1,10,,,,,
4109,2,R18_P04_pet_01_atk_1_2,,1,,1,0.6,,,,1,993505,1,1,10,,,,,
4109,3,R18_P04_pet_01_atk_1_3,,1,,1,0.6,,,,1,993505,1,1,10,,,,,
4110,,R18_P04_pet_01_atk_2_0,,1,,,,,,,1,997006-993505,1,1,10,,,,,
7101,,R18_P07_pet_01_atk_1_0,,1,,,1,,,,,,,1,,,,,,
7102,,R18_P07_pet_01_atk_1_0,,1,,,1,,,,,,,1,,,,,,
7103,,R18_P07_pet_01_atk_1_0,,1,,,1,,,,,,,1,,,,,,
7104,,R18_P07_pet_01_skill_1_0,,1,,1,,,,,,,1,,,,,,,
7105,,R18_P07_pet_01_atk_1_0,,1,,,1,,,,,,,1,,,,,,
7106,,R18_P07_pet_01_atk_1_1,,3,20,,1,,,,,,,1,10,,,,,
7107,,R18_P07_pet_01_atk_1_1,,3,20,,1,,,,,,,1,10,,,,,
7108,,R18_P07_pet_01_atk_1_1,,3,20,,1,,,,,,,1,10,,,,,
18101,,R18_P18_pet_01_atk_1_0,,1,,,0.4,,,,,,,,,,,,,
18102,,R18_P18_pet_01_atk_1_0,,1,,,0.4,,,,,,,,,,,,,
18103,,R18_P18_pet_01_atk_1_0,,1,,,0.4,,,,,,,,,,,,,
18106,,R18_P18_pet_01_atk_1_0,,3,20,,0.4,,,,,,,,,,,,,
18107,,R18_P18_pet_01_atk_1_0,,3,20,,0.4,,,,,,,,,,,,,
18108,,R18_P18_pet_01_atk_1_0,,3,20,,0.4,,,,,,,,,,,,,
32101,,R18_P32_pet_01_atk_1_0,,1,,,1,,,,,,1,1,10,,,,,
32102,,R18_P32_pet_01_atk_1_0,,1,,,1,,,,,,1,1,10,,,,,
32103,,R18_P32_pet_01_atk_1_0,,1,,,1,,,,,,1,1,10,,,,,
32106,,R18_P32_pet_01_atk_1_0,,1,,,1,,,,,,1,1,10,,,,,
32107,,R18_P32_pet_01_atk_1_0,,1,,,1,,,,,,1,1,10,,,,,
32108,,R18_P32_pet_01_atk_1_1,,1,,,0.1,,,,1,997030,,1,,,,,,
36101,,R18_P36_pet_01_atk_1_0,,1,,,,,,,,,,1,,,,,,
36101,1,R18_P36_pet_01_atk_1_1,,1,,,1,,,,1,999041,1,1,10,,,,,
36101,99,R18_P36_pet_01_skill_1_2,,1,,1,,,,,,,1,,,,,,,
36102,,R18_P36_pet_01_atk_1_0,,1,,,,,,,,,,1,,,,,,
36102,1,R18_P36_pet_01_atk_1_1,,1,,,1,,,,1,999041,1,1,10,,,,,
36102,99,R18_P36_pet_01_skill_1_2,,1,,1,,,,,,,1,,,,,,,
36103,,R18_P36_pet_01_skill_1_0,,1,,2,,,,,,,1,,10,,,,,
36103,,R18_P36_pet_01_skill_1_1,,1,,2,2,,,,1,993533,1,5,10,10,,,,
36104,,R18_P36_pet_01_skill_1_2,,1,,1,2,,,,,,1,1,10,10,,,,
36106,,R18_P36_pet_01_atk_1_0,,1,,,,,,,,,,1,,,,,,
36106,1,R18_P36_pet_01_atk_1_1,,1,,,1,,,,1,999041,1,1,10,,,,,
36106,99,R18_P36_pet_01_skill_1_2,,1,,1,,,,,,,1,,,,,,,
36107,,R18_P36_pet_01_atk_1_0,,1,,,,,,,,,,1,,,,,,
36107,1,R18_P36_pet_01_atk_1_1,,1,,,1,,,,1,999041,1,1,10,,,,,
36107,99,R18_P36_pet_01_skill_1_2,,1,,1,,,,,,,1,,,,,,,
36108,,R18_P36_pet_01_skill_1_1,,1,,2,2.6,,,,1,993533,1,5,10,10,,,,
999051,,B011_skill_01_01,,1,,1,1,,,,,,1,1,21,21,,,,
999051,1,B011_skill_01_02,,1,,1,1,,,,,,1,1,,21,,,,
999052,,B011_skill_02_01,,1,,2,,,,,,,1,1,,,,,,
999052,1,B011_skill_02_02,,1,,1,1,,,,,,1,1,21,21,,,,
999053,,B011_skill_03_01,,1,,,0.5,,,,,,1,1,21,21,,,,
999053,1,B011_skill_03_02,,1,,2,,,,,,,1,1,,,,,,
999053,2,B011_skill_03_03,,1,,1,1,,,,,,1,1,21,21,,,,
999061,,M051_skill_01_01,,1,,1,0.1,,,,,,1,1,,,,,,
999062,,M051_skill_02_01,,1,,1,0.1,,,,,,1,1,,,,,,
999003,,M000_skill_01_01,,1,,1,1,,,,,,1,1,,,,,,
999004,,M000_skill_02_01,,1,,1,1,,,,,,1,1,,,,,,
999013,,M047_skill_02_01,,1,,,0.3,,,,,,,1,,,,,,
999014,,M047_skill_03_01,,1,,,1.5,,,,,,1,1,21,21,,,,
999014,1,M047_skill_03_02,,1,,2,,,,,,,,,,,,,,
999023,,M001_skill_03_01,,3,10,,0.5,,,,,,,1,,,,,,
999023,1,M001_skill_03_02,,1,,2,,,,,,,1,,,,,,,
999024,,M001_skill_01_01,,1,,,1,,,,,,,1,,,,,,
999034,,M050_skill_01_01,,1,,1,0.4,,,,,,1,1,,,,,,
999034,1,M050_skill_01_02,,1,,1,0.4,,,,,,1,1,,,,,,
999034,2,M050_skill_01_03,,1,,1,0.6,,,,,,1,1,,,,,,
999044,,M048_skill_01_01,,1,,,1,,,,,,1,1,21,21,,,,
999044,1,M048_skill_01_02,,1,,2,,,,,,,,,,,,,,
999044,2,M048_skill_01_03,,1,,,1,,,,,,,1,,,,,,
999045,,M048_skill_02_01,,1,,1,1,,,,,,1,1,,,,,,
999045,1,M048_skill_02_02,,1,,2,,,,,,,,,,,,,,
999046,,M048_skill_04_01,,1,,1,1,,,,,,1,1,,,,,,
999046,1,M048_skill_04_02,,1,,1,1,,,,,,1,1,,21,,,,
999055,,M002_skill_01_01,,1,,1,1,,,,,,1,1,,21,,,,
999055,1,M002_skill_01_02,,1,,2,,,,,,,,,,,,,,
999056,,M002_skill_02_01,,1,,2,1,,,,,,1,1,21,21,,,,
999057,,M002_skill_03_01,,1,,2,1,,,,,,1,1,21,21,,,,
999057,1,M002_skill_03_02,,1,,2,,,,,,,,,,,,,,
999057,2,M002_skill_03_03,,1,,1,1,,,,,,1,1,21,21,,,,
999057,3,M002_skill_03_04,,1,,1,1,,,,,,1,1,,21,,,,
999072,,B012_skill_01_01,,1,,1,1.5,,,,,,1,1,21,21,,,,
999073,,B012_skill_02_01,,1,,,1,,,,,,1,1,,,,,,
999073,1,B012_skill_02_02,,1,,,1,,,,,,1,1,,,,,,
999073,2,B012_skill_02_03,,1,,,1.5,,,,,,1,1,,,,,,
999073,3,B012_skill_02_04,,1,,2,,,,,,,1,,,,,,,
999073,4,B012_skill_02_05,,1,,2,,,,,,,1,,,,,,,
999074,,B012_skill_03_01,,1,,2,1,,,,,,1,1,21,21,,,,
999074,1,B012_skill_03_02,,1,,,1,,,,,,,1,,,,,,
999075,,B012_skill_04_01,,1,,,1,,,,,,1,1,,,,,,
999075,1,B012_skill_04_02,,1,,,1,,,,,,1,1,,,,,,
999075,2,B012_skill_04_03,,1,,,1.5,,,,,,1,1,21,21,,,,
999075,3,B012_skill_04_04,,1,,2,,,,,,,1,,,,,,,
FS0021,,R18_FairyCheer_1_1,,1,,,1.5,,,,,,1,1,,,,,,
FS0022,,R18_FairyCheer_1_1,,1,,,1.7,,,,,,1,1,,,,,,
FS0023,,R18_FairyCheer_1_1,,1,,,1.9,,,,,,1,1,,,,,,
FS0024,,R18_FairyCheer_1_1,,1,,,2.2,,,,,,1,1,,,,,,
FS0031,,R18_FairyCheer_2_1,,1,,,1.3,,,,,,,1,10,21,,,,
FS0031,1,R18_FairyCheer_2_2,,1,,,,,,,,,1,,,,,,,
FS0032,,R18_FairyCheer_2_1,,1,,,1.5,,,,,,,1,10,21,,,,
FS0032,1,R18_FairyCheer_2_2,,1,,,,,,,,,1,,,,,,,
FS0033,,R18_FairyCheer_2_1,,1,,,1.7,,,,,,,1,10,21,,,,
FS0033,1,R18_FairyCheer_2_2,,1,,,,,,,,,1,,,,,,,
FS0034,,R18_FairyCheer_2_1,,1,,,2,,,,,,,1,10,21,,,,
FS0034,1,R18_FairyCheer_2_2,,1,,,,,,,,,1,,,,,,,
FS0050,,R18_FairyCheer_6_3,,1,,,,,,,,,1,1,,,,,,
FS0050,1,R18_FairyCheer_6_5,R18_FairyCheer_6_5_E,1,,,1.2,,,,,,1,1,10,10,,,,
FS0051,,R18_FairyCheer_6_3,,1,,,,,,,,,1,1,,,,,,
FS0051,1,R18_FairyCheer_6_5,R18_FairyCheer_6_5_E,1,,,1.4,,,,,,1,1,10,10,,,,
FS0052,,R18_FairyCheer_6_3,,1,,,,,,,,,1,1,,,,,,
FS0052,1,R18_FairyCheer_6_5,R18_FairyCheer_6_5_E,1,,,1.6,,,,,,1,1,10,10,,,,
FS0053,,R18_FairyCheer_6_3,,1,,,,,,,,,1,1,,,,,,
FS0053,1,R18_FairyCheer_6_5,R18_FairyCheer_6_5_E,1,,,1.9,,,,,,1,1,10,10,,,,
FS0054,,R18_P20_skill_2_0,,1,,,,,,,1,991501,1,1,10,,,,,
FS0054,1,R18_P20_skill_2_1,,1,,,2.6,,,,1,991501,1,1,10,10,,,,
FS0061,,R18_FairyCheer_3_1,,1,,,,,,,,,1,1,,,,,,
FS0061,1,R18_FairyCheer_3_2,,1,,,,,,,,,1,,,,,,,
FS0061,2,R18_FairyCheer_3_3,R18_FairyCheer_3_3_E,1,,,1.5,,,,,,1,1,10,,,,,
FS0062,,R18_FairyCheer_3_1,,1,,,,,,,,,1,1,,,,,,
FS0062,1,R18_FairyCheer_3_2,,1,,,,,,,,,1,,,,,,,
FS0062,2,R18_FairyCheer_3_3,R18_FairyCheer_3_3_E,1,,,1.7,,,,,,1,1,10,,,,,
FS0063,,R18_FairyCheer_3_1,,1,,,,,,,,,1,1,,,,,,
FS0063,1,R18_FairyCheer_3_2,,1,,,,,,,,,1,,,,,,,
FS0063,2,R18_FairyCheer_3_3,R18_FairyCheer_3_3_E,1,,,1.9,,,,,,1,1,10,,,,,
FS0064,,R18_FairyCheer_3_1,,1,,,,,,,,,1,1,,,,,,
FS0064,1,R18_FairyCheer_3_2,,1,,,,,,,,,1,,,,,,,
FS0064,2,R18_FairyCheer_3_3,R18_FairyCheer_3_3_E,1,,,2.2,,,,,,1,1,10,,,,,
FS0070,,R18_FairyCheer_4_1,,3,10,,1,,,,1,994518,,1,10,,,,,
FS0070,1,R18_FairyCheer_4_2,,1,,,,,,,,,1,,,,,,,
FS0071,,R18_FairyCheer_4_1,,3,10,,1,,,,1,994519,,1,10,,,,,
FS0071,1,R18_FairyCheer_4_2,,1,,,,,,,,,1,,,,,,,
FS0072,,R18_FairyCheer_4_1,,3,10,,1.13,,,,1,994520,,1,10,,,,,
FS0072,1,R18_FairyCheer_4_2,,1,,,,,,,,,1,,,,,,,
FS0073,,R18_FairyCheer_4_1,,3,10,,1.26,,,,1,994521,,1,10,,,,,
FS0073,1,R18_FairyCheer_4_2,,1,,,,,,,,,1,,,,,,,
FS0074,,R18_FairyCheer_4_1,,3,10,,1.5,,,,1,994522,,1,10,,,,,
FS0074,1,R18_FairyCheer_4_2,,1,,,,,,,,,1,,,,,,,
FS0080,,R18_FairyCheer_5_1,,1,,,1.5,,,,,,,1,10,10,,,,
FS0080,1,R18_FairyCheer_5_2,,1,,,,,,,,,1,,,,,,,
FS0081,,R18_FairyCheer_5_1,,1,,,1.7,,,,,,,1,10,10,,,,
FS0081,1,R18_FairyCheer_5_2,,1,,,,,,,,,1,,,,,,,
FS0082,,R18_FairyCheer_5_1,,1,,,1.7,,,,,,,1,10,10,,,,
FS0082,1,R18_FairyCheer_5_2,,1,,,,,,,,,1,,,,,,,
FS0083,,R18_FairyCheer_5_1,,1,,,1.9,,,,,,,1,10,10,,,,
FS0083,1,R18_FairyCheer_5_2,,1,,,,,,,,,1,,,,,,,
FS0084,,R18_FairyCheer_5_3,,1,,,2.6,,,,,,1,1,10,10,,,,
FS0090,,R18_FairyCheer_6_1,,1,,,1.5,,,,1,995502,,1,10,10,,,,
FS0090,1,R18_FairyCheer_6_2,,1,,,,,,,,,1,,,,,,,
FS0091,,R18_FairyCheer_6_1,,1,,,1.7,,,,1,995503,,1,10,10,,,,
FS0091,1,R18_FairyCheer_6_2,,1,,,,,,,,,1,,,,,,,
FS0092,,R18_FairyCheer_6_1,,1,,,1.7,,,,1,995504,,1,10,10,,,,
FS0092,1,R18_FairyCheer_6_2,,1,,,,,,,,,1,,,,,,,
FS0093,,R18_FairyCheer_6_1,,1,,,1.9,,,,1,995505,,1,10,10,,,,
FS0093,1,R18_FairyCheer_6_2,,1,,,,,,,,,1,,,,,,,
FS0094,,R18_FairyCheer_6_3,,1,,,,,,,,,1,1,,,,,,
FS0094,1,R18_FairyCheer_6_4,R18_FairyCheer_6_4_E,1,,,2.6,,,,1,995506,1,1,21,21,,,,
FS0100,,R18_FairyCheer_7_1,,1,,,1.5,,,,1,994523,,1,,21,,,,
FS0100,1,R18_FairyCheer_7_2,,1,,3,,,,,1,994523,1,1,,21,,,,
FS0101,,R18_FairyCheer_7_1,,1,,,1.7,,,,1,994523,,1,,21,,,,
FS0101,1,R18_FairyCheer_7_2,,1,,3,,,,,1,994523,1,1,,21,,,,
FS0102,,R18_FairyCheer_7_1,,1,,,1.9,,,,1,994524,,1,,21,,,,
FS0102,1,R18_FairyCheer_7_2,,1,,3,,,,,1,994524,1,1,,21,,,,
FS0103,,R18_FairyCheer_7_1,,1,,,2.2,,,,1,994524,,1,,21,,,,
FS0103,1,R18_FairyCheer_7_2,,1,,3,,,,,1,994524,1,1,,21,,,,
FS0104,,R18_FairyCheer_7_1,,1,,,2.6,,,,1,994525-992511,,1,,21,,,,
FS0104,1,R18_FairyCheer_7_2,,1,,3,,,,,1,994525-992511,1,1,,21,,,,
FS0110,,R18_FairyCheer_8_1,,1,,,1.2,,,,,,1,1,,,,,,
FS0110,1,R18_FairyCheer_8_2,,1,,,,,,,1,993535,1,1,10,,,,,
FS0111,,R18_FairyCheer_8_1,,1,,,1.4,,,,,,1,1,,,,,,
FS0111,1,R18_FairyCheer_8_2,,1,,,,,,,1,993536,1,1,10,,,,,
FS0112,,R18_FairyCheer_8_1,,1,,,1.6,,,,,,1,1,,,,,,
FS0112,1,R18_FairyCheer_8_3,,1,,,,,,,1,993537,1,1,10,,,,,
FS0113,,R18_FairyCheer_8_1,,1,,,1.9,,,,,,1,1,,,,,,
FS0113,1,R18_FairyCheer_8_4,,1,,,,,,,1,993538,1,1,10,,,,,
FS0114,,R18_FairyCheer_8_1,,1,,,2.3,,,,1,994527,1,1,,,,,,
FS0114,1,R18_FairyCheer_8_5,,1,,,,,,,1,993539-994526,1,1,10,,,,,
FS0120,,R18_FairyCheer_9_1,,1,,1,1.3,,,,,,1,1,10,10,,,,
FS0121,,R18_FairyCheer_9_1,,1,,1,1.5,,,,,,1,1,10,10,,,,
FS0122,,R18_FairyCheer_9_1,,1,,1,1.7,,,,,,1,1,10,10,,,,
FS0123,,R18_FairyCheer_9_1,,1,,1,2,,,,,,1,1,10,10,,,,
FS0124,,R18_FairyCheer_9_2,,1,,1,2.4,,,,,,1,1,21,21,,,,
FS0130,,R18_FairyCheer_10_1,,1,,,1.5,,,,1,999059,,1,10,10,,,,
FS0130,1,R18_FairyCheer_10_2,,1,,,,,,,,,1,,,,,,,
FS0131,,R18_FairyCheer_10_1,,1,,,1.7,,,,1,999060,,1,10,10,,,,
FS0131,1,R18_FairyCheer_10_2,,1,,,,,,,,,1,,,,,,,
FS0132,,R18_FairyCheer_10_1,,1,,,1.9,,,,1,999061,,1,10,10,,,,
FS0132,1,R18_FairyCheer_10_2,,1,,,,,,,,,1,,,,,,,
FS0133,,R18_FairyCheer_10_1,,1,,,2.2,,,,1,999062,,1,10,10,,,,
FS0133,1,R18_FairyCheer_10_2,,1,,,,,,,,,1,,,,,,,
FS0134,,R18_FairyCheer_10_3,,1,,,,,,,,,1,1,,,,,,
FS0134,1,R18_FairyCheer_10_4,R18_FairyCheer_10_4_E,1,,,2.6,,,,1,999063,1,1,10,10,,,,
FS0140,,R18_FairyCheer_11_1,,1,,,,,,,1,993551-992504,,1,10,,,,,
FS0140,1,R18_FairyCheer_11_2,,1,,,,,,,1,993551-992504,,1,10,,,,,
FS0140,2,R18_FairyCheer_11_3,,1,,,,,,,1,993551-992504,,1,10,,,,,
FS0140,3,R18_FairyCheer_11_4,,1,,,,,,,1,993551-992504,,1,10,,,,,
FS0141,,R18_FairyCheer_11_1,,1,,,,,,,1,993552-992504,,1,10,,,,,
FS0141,1,R18_FairyCheer_11_2,,1,,,,,,,1,993552-992504,,1,10,,,,,
FS0141,2,R18_FairyCheer_11_3,,1,,,,,,,1,993552-992504,,1,10,,,,,
FS0141,3,R18_FairyCheer_11_4,,1,,,,,,,1,993552-992504,,1,10,,,,,
FS0142,,R18_FairyCheer_11_1,,1,,,,,,,1,993553-992504,,1,10,,,,,
FS0142,1,R18_FairyCheer_11_2,,1,,,,,,,1,993553-992504,,1,10,,,,,
FS0142,2,R18_FairyCheer_11_3,,1,,,,,,,1,993553-992504,,1,10,,,,,
FS0142,3,R18_FairyCheer_11_4,,1,,,,,,,1,993553-992504,,1,10,,,,,
FS0143,,R18_FairyCheer_11_1,,1,,,,,,,1,993554-992504,,1,10,,,,,
FS0143,1,R18_FairyCheer_11_2,,1,,,,,,,1,993554-992504,,1,10,,,,,
FS0143,2,R18_FairyCheer_11_3,,1,,,,,,,1,993554-992504,,1,10,,,,,
FS0143,3,R18_FairyCheer_11_4,,1,,,,,,,1,993554-992504,,1,10,,,,,
FS0144,,R18_FairyCheer_11_1,,1,,,,,,,1,993555-992504-995505,,1,10,,,,,
FS0144,1,R18_FairyCheer_11_2,,1,,,,,,,1,993555-992504-995505,,1,10,,,,,
FS0144,2,R18_FairyCheer_11_3,,1,,,,,,,1,993555-992504-995505,,1,10,,,,,
FS0144,3,R18_FairyCheer_11_5,,1,,,,,,,1,993555-992504-995505,,1,10,,,,,
FS0144,4,R18_FairyCheer_11_6,,1,,,,,,,1,993555-992504-995505,,1,10,,,,,
FS0144,5,R18_FairyCheer_11_4,,1,,,,,,,1,993555-992504-995505,,1,10,,,,,
FS0150,,R18_FairyCheer_12_1,,1,,,1.3,,,,,,1,1,10,10,,,,
FS0151,,R18_FairyCheer_12_1,,1,,,1.5,,,,,,1,1,10,10,,,,
FS0152,,R18_FairyCheer_12_1,,1,,,1.7,,,,,,1,1,10,10,,,,
FS0153,,R18_FairyCheer_12_1,,1,,,2,,,,,,1,1,10,10,,,,
FS0154,,R18_FairyCheer_12_1,,1,,,2.4,,,,,,1,1,10,10,,,,
FS0160,,R18_FairyCheer_13_1,,1,,,1.3,,,,1,997032,1,1,10,,,,,
FS0161,,R18_FairyCheer_13_1,,1,,,1.5,,,,1,997032,1,1,10,,,,,
FS0162,,R18_FairyCheer_13_1,,1,,,1.7,,,,1,997032,1,1,10,,,,,
FS0163,,R18_FairyCheer_13_1,,1,,,2,,,,1,997032,1,1,10,,,,,
FS0164,,R18_FairyCheer_13_2,,1,,,2.4,,,,1,997032,1,1,10,,,,,
