ID,STACK_TYPE,STACK_LEVEL,STACK_COUNT,BarIcon,BarTip,AttributeStack,HealHPRate,HPShell,HitCountShell,PERIOD,DelayTrigger,TRIGGER_TIME,DMG_RATE,DMG_CONSTANT,ATTRIBUTE_ID,AttributeRate,Energy,ShowText,FX_STATUS,FX_TRIGGER,LIMIT_TYPE,StatusType,IsAura,IsBuff,AuraWorkStatus,AuraWorkRange,AuraTarget,IsRemoveOnSkill,IsRemoveOnHit,OnEndStatus,SpecialFunction,SpecialFunctionValue,IsStackInherit
4501,4501,1,,,,,,,,2,,,,,,,,,FX_trap_buff_016,,1,,,,,,,,,,,,
4502,994502,4,,,,,,,,3.5,0.5,2,,,4502,,,,FX_trap_buff_001,,,,,,,,,,,,,,
4503,994502,4,,,,,,,,10,,,,,4502,,,,FX_trap_buff_001,,,,,,,,,,,,,,
3001,3001,2,,,,,0.3,,,1,,,,,,,,,FX_trap_buff_002,,,,,1,,,,,,,,,
8015,8015,99,,,,,,,,3,,0.5,,,,,,,FX_trap_buff_003,,,,,1,,,,,,,2,,
4001,4502,1,,,,,,,,10,,,,,4001,,,,FX_trap_buff_004,,,,,1,,,,,,,,,
6001,996001,1,,,,,,1200,,30,,,,,,,,,FX_trap_buff_005,,,,,1,,,,,,,,,
5001,5001,1,,,,,,,,10,,,,,5001,,,,FX_trap_buff_006,,,,,1,,,,,,,,,
5002,5001,1,,Icon\Item\Skill\Icon_Buff_006_FullMp,,,,,,999,,,,,5001,,,,,,,,,1,,,,,,,,,
5003,5003,1,,Icon\Item\Rune\Icon_Rune_Penetrate,,,,,,999,,,,,5005,,,,,,,,,,,,,,,,,,
5006,5006,1,,Icon\Item\Rune\Icon_Rune_HP,,,,,,999,,,,,5006,,,,,,,,,1,,,,,,,,,
5007,8007,99,,Icon\Item\Rune\Icon_Rune_Apex,,,,,,999,,,,,,,,,,,,8,,1,,,,,,,1,,
5008,5008,1,,Icon\Item\Rune\Icon_Rune_Critical,,,,,,999,,,,,5008,,,,,,,,,,,,,,,,,,
5009,5009,99,,,,,,,,999,,,,,5009,,,,,,,,,1,,,,,,,,,
5010,5010,1,,,,,,,,999,,,,,9049,,,,,,,,,1,,,,,,,,,
5011,5011,1,,,,,,,,999,,,,,9050,,,,,,,,,1,,,,,,,,,
5012,5012,1,,,,,,,,999,,,,,5012,,,,,,,,,1,,,,,,,,,
5013,5013,99,,,,,,,,9999,,,,,5013,,,,,,,,,1,,,,,,,,,
8007,8007,99,,,,,,,,10,,,,,8007,,,,FX_trap_buff_015,,,8,,1,,,,,,,1,,
8018,8007,99,,,,,,,,5,,,,,8007,,,,FX_trap_buff_015,,,8,,1,,,,,,,1,,
8008,8008,99,,,,,,,,10,,,,,,,,,FX_trap_buff_010,,,6,,1,,,,1,1,,,,
7001,7003,1,,,,,,,,6,,,,,,,,,FX_trap_buff_009,,3,7,,,,,,,,,,,
7002,7002,1,,,,,,,,5,,,,,7003,,,,FX_moba_p005___Skil_1_1,,,9,,,,,,,,,,,
7003,7001,1,,,,,,,,1,,,,,,,,,FX_moba_p006__Skill_2_2_A,,3,1,,1,,,,,,,,,
7004,7004,1,,,,,,,,4.3,,,,,,,,,FX_trap_buff_014,,,,,,,,,,,7005-4503,,,
7005,7005,1,,,,,,,,10,,,,,5501,,,,,,,10,,,,,,,,,,,
3002,3002,1,,,,,,,,1,,,2.72,,,,,,FX_trap_buff_002,,,,,1,,,,,,,,,
1001,1001,1,,,,,,,,15,,,,,1001,,,,FX_moba_p002___Skil_2_buff,,,,,1,,,,,,,,,
1002,1001,1,,,,,,,,15,,,,,1001,,,,FX_moba_p002___002_Skil_2_buff,,,,,1,,,,,,,,,
2001,2001,1,,,,,,,,15,,,,,2001,,,,,,,,,1,,,,,,,,,
1,1,1,,,,,,,,1.5,1,1.1,,,,,,,,,,,1,1,1001-2001,10,,,,,,,
2,1,1,,,,,,,,1.5,1,1.1,,,,,,,,,,,1,1,1002-2001,10,,,,,,,
3,3,1,,,,,,,,999,,,,,999112,,,,,,,,,1,,,,,,,,,
2002,2002,99,,,,,,,,20,,,,,2002,,,,,,,4,,,,,,1,,,,,
3500,3500,99,,,,,,,,0.5,,,,9999,,,,,,,,,,,,,,,,,,,
4002,4502,1,,,,,,,,15,,,,,4001,,,,,,,,,1,,,,,,,,,
3501,3501,1,10,,,,,,,1,,,0.2,,,,,,FX_moba_p004_atk_1_hit__debuff,,,,,,,,,,,,,,
4504,994502,4,,,,,,,,1,,,,,4502,,,,FX_trap_buff_001,,,,,,,,,,,,,,
7006,7001,1,,,,,,,,1,,,,,,,,,FX_moba_p006__Skill_2_2_A,,3,1,,,,,,,,,,,
8001,8008,1,,,,,,,,3.7,,,,,,,,,FX_trap_buff_010,,,6,,1,,,,1,1,,,,
4505,994502,4,,,,,,,,1,,,,,4502,,,,FX_trap_buff_001,,,,,,,,,,,,,,
7007,7001,1,,,,,,,,1.5,,,,,,,,,FX_moba_p006__Skill_2_2_A,,3,1,,,,,,,,,,,
4506,994502,4,,,,,,,,3,,,,,4502,,,,FX_moba_p007___Skil_1_2,,2,,,,,,,,,,,,
7008,7002,1,,,,,,,,5,,,,,7009,,,,FX_moba_p005_002___Skil_1_1,,,9,,,,,,,,,,,
4003,4502,1,,,,,,,,10,,,,,4001,,,,FX_trap_buff_004,,,,,1,,,,,,,,,
3502,3502,1,,,,,,,,10,,1,0.27,,,,,,FX_moba_p006__Skill_1_2,,,,,,,,,,,,,,
7009,7009,1,,,,,,,,10,,,,,,,,,FX_moba_p006__Skill_1_2_1,,,,,,,,,,,,,,
7010,7001,1,,,,,,,,1.1,,,,,,,,,FX_moba_p006__Skill_2_2_B,,3,11,,,,,,,,,,,
8002,7001,99,,,,,,,,20,,,,,,,,,,,,,,,,,,1,,,,,
3003,3003,1,,,,,,,,0.9,,,0.4,,,,,,FX_trap_buff_002,,,,,1,,,,,,,,,
3503,3503,1,,,,,,,,0.9,,,0.4,,,,,,,,,,,,,,,,,,,,
1501,1501,1,,,,,,,,5,,,,,1501,,,,FX_Moba_001,,,,,,,,,,,,,,
2501,2501,1,,,,,,,,3,,,,,2501,,,,FX_Moba_001,,,,,,,,,,,,,,
3004,3004,1,,,,,,,,1,,,2,,,,,,FX_trap_buff_002,,,,,1,,,,,,,,,
4004,4502,1,,,,,,,,10,,,,,4001,,,,FX_trap_buff_004,,,,,1,,,,,,,,,
5004,5004,1,,,,,,,,1,,,2,,,,,,FX_trap_buff_002,,,,,1,,,,,,,,,
5005,5005,1,,,,,,,,1,,,3,,,,,,FX_trap_buff_002,,,,,1,,,,,,,,,
6004,6004,1,,,,,,,,10,,,,,4001,,,,FX_trap_buff_004,,,,,1,,,,,,,,,
6008,6008,1,,,T_STATUS_BarTip_6008,,,,,60,,,,,1021,,,,R18_P38_skill_1_0_debuff_1,,,,,,,,,,,,6,6008-6009-6009-6010-6010-6010,
6009,6008,1,,,T_STATUS_BarTip_6009,,,,,60,,,,,1022,,,,R18_P38_skill_1_0_debuff_2,,,,,,,,,,,,,,
6010,6008,1,,,T_STATUS_BarTip_6010,,,,,60,,,,,1023,,,,R18_P38_skill_1_0_debuff_3,,,,,,,,,,,,,,
6011,6008,99,,,,,,,,1,,,,,,,,,,,,,,,,,,,,,,,
6012,6012,1,,,,,,,,60,2,1,,,,,,,R18_P32_skill_1_1_debuff,,,,1,1,6012-6016,15,Ally,,,,,,
6013,6013,1,,,,,,,,60,2,1,,,,,,,R18_P32_skill_1_1_debuff,,,,1,1,6013-6016,15,Ally_Self,,,,,,
6014,6014,1,,,,,,,,60,2,1,,,,,,,R18_P32_skill_1_1_debuff,,,,1,1,6014-6016,15,Enemy,,,,,,
6015,6012,1,,,,,,,,60,,1,,,,,,,R18_P32_skill_1_1_debuff,,,,1,1,6012-6016,15,Ally,,,,,,
6016,6016,1,,,,,,,,8,,1,0.1,,,,,,R18_P34_skill_1_0_buff,R18_P32_atk_1_0_hit_dot,,,,,,,,,,,6,6016-6017-6017-6018-6018-6018,
6017,6016,1,,,,,,,,8,,1,0.2,,,,,,R18_P34_skill_1_0_buff (2),R18_P32_atk_1_0_hit_dot,,,,,,,,,,,,,
6018,6016,1,,,,,,,,8,,1,0.3,,,,,,R18_P34_skill_1_0_buff (3),R18_P32_atk_1_0_hit_dot,,,,,,,,,,,,,
6019,6016,1,,,,,,,,1,,,,,,,,,,,,,,,,,,,,,,,
7011,7011,1,,,,,,,,60,,,,,,,,,,,,,,,,,,,,,7,,
7012,7012,1,,,,,,,,60,,,,,,,,,,,,,,,,,,,,,7,10001-10002-10003-10004-10005-10006-10007-10008-10009-10010,
7013,7013,1,,,,,,,,30,,,,,,,,,,,,,,,,,,,,,8,,
7014,7014,1,,,,,,,,30,,,,,,,,,,,,,,,,,,,,,8,10001-10002-10003-10004-10005-10006-10007-10008-10009-10010,
7015,997501,1,,,,,,,,30,,,,,,,,,,,,,,,,,,,,,10,,
7016,996001,1,,,,,,,,180,,,,,,,,,,,,,,1,,,,,,,11,3-0.5-1-50000,
7017,996001,2,,,,,,,,180,,,,,,,,,,,,,,1,,,,,,,11,4-0.5-1,
7018,996001,3,,,,,,,,180,,,,,,,,,,,,,,1,,,,,,,11,7-3-1,
7019,996001,4,,,,,,,,180,,,,,,,,,,,,,,1,,,,,,,11,8-3-1-5000,
7020,996001,5,,,,,,,,180,,,,,,,,,,,,,,1,,,,,,,11,9-3-1-5000,
7021,996001,6,,,,,,,,180,,,,,,,,,,,,,,1,,,,,,,11,10-3-1-5000,
7022,7022,1,,Icon\Item\Skill\Icon_Buff_008_Invisible,T_STATUS_BarTip_7022,,,,,180,,,,,,,,,,,,,,1,,,,,,,9,-50_80,
7023,7023,1,,,,,,,,180,,,,,7023,,,,,,,,,1,,,,,,,,,
7024,7024,1,,,,,,,,180,,,,,7024,,,,,,,,,1,,,,,,,,,
7025,7025,1,,,,,,,,180,,,,,,,,,FX_R18_p10_skill__2_Atk_up,,,,,1,,,,,,,,,
7026,7026,1,,,,,,,,180,1,1,,,,,,,R18_P32_skill_1_1_debuff,,,,1,1,5004,1,Ally_Self,,,,,,
7027,7027,1,,Icon\Item\Skill\Icon_Buff_008_Invisible,T_STATUS_BarTip_7027,,,,,120,,,,,,,,,,,,,,1,,,,,,,9,-360_360,
7028,7028,1,,Icon\Item\Skill\Icon_Buff_008_Invisible,T_STATUS_BarTip_7028,,,,,120,,,,,,,,,,,,,,1,,,,,,,9,25_45,
7029,7029,1,,Icon\Item\Skill\Icon_Buff_008_Invisible,T_STATUS_BarTip_7029,,,,,120,,,,,,,,,,,,,,1,,,,,,,9,-360_-360,
7030,7030,1,,Icon\Item\Skill\Icon_Buff_008_Invisible,T_STATUS_BarTip_7030,,,,,120,,,,,,,,,,,,,,1,,,,,,,9,-240_240,
7031,7031,1,,Icon\Item\Skill\Icon_Buff_008_Invisible,T_STATUS_BarTip_7031,,,,,120,,,,,,,,,,,,,,1,,,,,,,9,-120_-150,
7032,7032,1,,Icon\Item\Skill\Icon_Buff_008_Invisible,T_STATUS_BarTip_7032,,,,,120,,,,,,,,,,,,,,1,,,,,,,9,90_100,
7033,7033,1,,Icon\Item\Skill\Icon_Buff_008_Invisible,T_STATUS_BarTip_7033,,,,,120,,,,,,,,,,,,,,1,,,,,,,9,-50_-80,
7034,7034,1,,Icon\Item\Skill\Icon_Buff_008_Invisible,T_STATUS_BarTip_7034,,,,,120,,,,,,,,,,,,,,1,,,,,,,9,280_300,
7035,7035,1,,,,,,,,60,,,,,,,,,,,,,,1,,,,,,,12,1004-FS0134,
7036,7036,1,,,,,,,,60,,,,,,,,,,,,,,1,,,,,,,12,1004-FS0140-1005-FS0154,
7037,7037,1,,,,,,,,60,,,,,,,,,,,,,,1,,,,,,,12,1006-FS0124,
7038,7038,1,,,,,,,,60,,,,,,,,,,,,,,1,,,,,,,12,1001-FS0074,
7039,7039,1,,,,,,,,60,,,,,,,,,,,,,,1,,,,,,,12,FS0074-1001,
7040,7040,1,,Icon\Item\Skill\Icon_Buff_009_Thunder,,,,,,60,,,,,2804,,,,,,,,,1,,,,,,,,,
7041,7041,1,,Icon\Item\Skill\Icon_Buff_008_Invisible,T_STATUS_BarTip_7032,,,,,1,0.1,1,,,,,,,,,,,1,1,7032,45,Ally,,,,,,
7042,7042,1,,Icon\Item\Skill\Icon_Buff_008_Invisible,T_STATUS_BarTip_7033,,,,,1,0.1,1,,,,,,,,,,,1,1,7033,45,Ally,,,,,,
7043,996001,1,,,,,,,,180,,,,,,,,,,,,,,1,,,,,,,11,3-0.8-1-5000,
7044,7044,1,3,Icon\Item\Skill\Icon_Buff_008_Invisible,,1,,,,60,1,2,0.2,,2021,,,,FX_R18_P15_skill_2_hit,,,,,,,,,,,,,,
7045,7044,2,,Icon\Item\Skill\Icon_Buff_011_Stolen,,1,,,,60,1,2,1,,5011,,,,FX_R18_moba__atk_1_hit__debuff,,,,,,,,,,,,,,1
7046,996001,1,,,,,,,,180,,,,,,,,,,,,,,1,,,,,,,11,3-0.5-1,
7047,996001,1,,,,,,,,180,,,,,,,,,,,,,,1,,,,,,,11,3-0.8-1,
10001,10001,1,,,,,,,,99999,,,,,,,,,,,,,,1,,,,,,,4,1E-06,
10002,10001,2,5,Icon\Item\Skill\Icon_Skill_G007,T_STATUS_BarTip_10002,1,,,,99999,,,,,,,,,FX_R18_G_Buff_1-FX_R18_G_Buff_1-FX_R18_G_Buff_2-FX_R18_G_Buff_2-FX_R18_G_Buff_3,,,,,1,,,,,,,4,0.2,
10003,10003,1,20,Icon\Item\Skill\Icon_Skill_G008,T_STATUS_BarTip_10003,1,,,,99999,,,,,9910003,,,,,,,,,1,,,,,,,,,
10004,10004,1,1,Icon\Item\Skill\Icon_Skill_G006,T_STATUS_BarTip_10004,,,,,99999,,,,,,,,,,,,,,1,,,,,,,5,,
10005,10005,99,,,,,,,,1,,,,,8007,,,,,,,8,,1,,,,,,,1,,
10006,10006,1,,,,,,,,99999,,,,,209,,,,,,,,,,,,,,,,,,
10007,10007,1,,,,,,,,99999,,,,,11009,,,,,,,,,,,,,,,,,,
10008,10008,1,,,,,,,,99999,,,,,22009,,,,,,,,,,,,,,,,,,
10009,10009,1,,,,,,,,99999,,,,,18009,,,,,,,,,,,,,,,,,,
10010,10010,1,,,,,,,,99999,,,,,91009,,,,,,,,,,,,,,,,,,
130003,7001,1,,,,,,,,2,,,,,,,,,FX_moba_p006__Skill_2_2_A,,3,1,,,,,,,,,,,
130009,994502,4,,,,,,,,3,,,,,4502,,,,FX_trap_buff_001,,,,,,,,,,,,,,
130010,994502,4,,,,,,,,4,,,,,4502,,,,FX_trap_buff_001,,,,,,,,,,,,,,
130011,994502,4,,,,,,,,6,,,,,4502,,,,FX_trap_buff_001,,,,,,,,,,,,,,
130069,992501,1,,,,,,,,6,,,,,2501,,,,FX_R18_p10_skill__2_Defense_down,,,,,,,,,,,,,,
130015,4502,1,,,,,,,,16,,,,,4001,,,,FX_trap_buff_004,,,,,1,,,,,,,,,
130016,4502,1,,,,,,,,16,,,,,4002,,,,FX_trap_buff_004,,,,,1,,,,,,,,,
130017,4502,1,,,,,,,,16,,,,,4004,,,,FX_trap_buff_004,,,,,1,,,,,,,,,
130021,130021,1,,,,,,,,300,,,,,1300211,,,,,,,,,1,,,,,,,,,
130022,130021,2,,,,,,,,300,,,,,1300221,,,,,,,,,1,,,,,,,,,
130023,130021,3,,,,,,,,300,,,,,1300231,,,,,,,,,1,,,,,,,,,
130073,130021,4,,,,,,,,300,,,,,1300731,,,,,,,,,1,,,,,,,,,
130027,994502,4,,,,,,,,2,,,,,4502,,,,FX_trap_buff_001,,,,,,,,,,,,,,
130028,994502,4,,,,,,,,3,,,,,4502,,,,FX_trap_buff_001,,,,,,,,,,,,,,
130029,994502,4,,,,,,,,5,,,,,4502,,,,FX_trap_buff_001,,,,,,,,,,,,,,
130033,7001,2,,,,,,,,2,,,,,,,,,FX_moba_p006__Skill_2_2_A,,3,1,,,,,,,,,,,
130034,7001,3,,,,,,,,2.5,,,,,,,,,FX_moba_p006__Skill_2_2_A,,3,1,,,,,,,,,,,
130035,7001,4,,,,,,,,3,,,,,,,,,FX_moba_p006__Skill_2_2_A,,3,1,,,,,,,,,,,
130039,130039,2,,,,,,,,8,,,,,1300391,,,,FX_R18_p10_skill__2_Defense_UP,,,,,1,,,,,,,,,
130040,130039,3,,,,,,,,8,,,,,1300401,,,,FX_R18_p10_skill__2_Defense_UP,,,,,1,,,,,,,,,
130041,130039,4,,,,,,,,8,,,,,1300411,,,,FX_R18_p10_skill__2_Defense_UP,,,,,1,,,,,,,,,
130079,130039,5,,,,,,,,8,,,,,1300791,,,,FX_R18_p10_skill__2_Defense_UP,,,,,1,,,,,,,,,
130045,993502,2,,,,,,,,12,,1,0.33,,,,,,FX_R18_moba__atk_1_hit__debuff,,,,,,,,,,,,,,
130046,993502,3,,,,,,,,13,,1,0.33,,,,,,FX_R18_moba__atk_1_hit__debuff,,,,,,,,,,,,,,
130047,993502,4,,,,,,,,15,,1,0.33,,,,,,FX_R18_moba__atk_1_hit__debuff,,,,,,,,,,,,,,
130081,993502,4,,,,,,,,15,,1,0.33,,,,,,FX_R18_moba__atk_1_hit__debuff,,,,,,,,,,,,,,
130051,130051,2,,,,,,,,3,,,,,1300511,,,,FX_R18_p10_skill__2_Defense_down,,,,,,,,,,,,,,
130052,130051,3,,,,,,,,3,,,,,1300521,,,,FX_R18_p10_skill__2_Defense_down,,,,,,,,,,,,,,
130053,130051,4,,,,,,,,3,,,,,1300531,,,,FX_R18_p10_skill__2_Defense_down,,,,,,,,,,,,,,
130083,130051,5,,,,,,,,3,,,,,1300831,,,,FX_R18_p10_skill__2_Defense_down,,,,,,,,,,,,,,
130057,994502,4,,,,,,,,4,,,,,4502,,,,FX_trap_buff_001,,,,,,,,,,,,,,
130058,994502,4,,,,,,,,6,,,,,4502,,,,FX_trap_buff_001,,,,,,,,,,,,,,
130059,994502,4,,,,,,,,8,,,,,4502,,,,FX_trap_buff_001,,,,,,,,,,,,,,
130063,130063,2,,,,,,,,8,,,,,1300631,,,,FX_R18_p10_skill__2_Defense_UP,,,,,1,,,,,,,,,
130064,130063,3,,,,,,,,8,,,,,1300641,,,,FX_R18_p10_skill__2_Defense_UP,,,,,1,,,,,,,,,
130065,130063,4,,,,,,,,8,,,,,1300651,,,,FX_R18_p10_skill__2_Defense_UP,,,,,1,,,,,,,,,
130087,130063,5,,,,,,,,8,,,,,1300871,,,,FX_R18_p10_skill__2_Defense_UP,,,,,1,,,,,,,,,
130098,130098,2,,,,,,,,8,,,,,1300981,,,,FX_R18_p10_skill__2_Atk_up,,,,,1,,,,,,,,,
130099,130098,3,,,,,,,,8,,,,,1300991,,,,FX_R18_p10_skill__2_Atk_up,,,,,1,,,,,,,,,
130100,130098,4,,,,,,,,8,,,,,1301001,,,,FX_R18_p10_skill__2_Atk_up,,,,,1,,,,,,,,,
130101,130098,5,,,,,,,,8,,,,,1301011,,,,FX_R18_p10_skill__2_Atk_up,,,,,1,,,,,,,,,
130104,130104,2,,,,,,,,3,,,,,1301041,,,,FX_R18_p10_skill__2_Defense_down,,,,,,,,,,,,,,
130105,130104,3,,,,,,,,3,,,,,1301051,,,,FX_R18_p10_skill__2_Defense_down,,,,,,,,,,,,,,
130106,130104,4,,,,,,,,3,,,,,1301061,,,,FX_R18_p10_skill__2_Defense_down,,,,,,,,,,,,,,
130107,130104,5,,,,,,,,3,,,,,1301071,,,,FX_R18_p10_skill__2_Defense_down,,,,,,,,,,,,,,
130108,130108,2,,,,,,,,5,,,,,1301081,,,,FX_R18_p10_skill__2_Defense_UP,,,,,1,,,,,,,,,
130109,130108,3,,,,,,,,5,,,,,1301091,,,,FX_R18_p10_skill__2_Defense_UP,,,,,1,,,,,,,,,
130110,130108,4,,,,,,,,5,,,,,1301101,,,,FX_R18_p10_skill__2_Defense_UP,,,,,1,,,,,,,,,
130111,130108,5,,,,,,,,5,,,,,1301111,,,,FX_R18_p10_skill__2_Defense_UP,,,,,1,,,,,,,,,
130116,7001,1,,,,,,,,1,,,,,,,,,FX_moba_p006__Skill_2_2_A,,3,1,,,,,,,,,,,
130117,7001,2,,,,,,,,1,,,,,,,,,FX_moba_p006__Skill_2_2_A,,3,1,,,,,,,,,,,
130118,7001,3,,,,,,,,1.5,,,,,,,,,FX_moba_p006__Skill_2_2_A,,3,1,,,,,,,,,,,
130119,7001,4,,,,,,,,1.5,,,,,,,,,FX_moba_p006__Skill_2_2_A,,3,1,,,,,,,,,,,
130120,130120,2,,,,,,,,8,,,,,1301201,,,,FX_R18_p10_skill__2_Atk_up,,,,,1,,,,,,,,,
130121,130120,3,,,,,,,,8,,,,,1301211,,,,FX_R18_p10_skill__2_Atk_up,,,,,1,,,,,,,,,
130122,130120,4,,,,,,,,8,,,,,1301221,,,,FX_R18_p10_skill__2_Atk_up,,,,,1,,,,,,,,,
130123,130120,5,,,,,,,,8,,,,,1301231,,,,FX_R18_p10_skill__2_Atk_up,,,,,1,,,,,,,,,
130133,130133,2,,,,,,,,6,,,,,1301331,,,,FX_R18_p10_skill__2_Defense_down,,,,,,,,,,,,,,
130134,130133,3,,,,,,,,6,,,,,1301341,,,,FX_R18_p10_skill__2_Defense_down,,,,,,,,,,,,,,
130135,130133,4,,,,,,,,6,,,,,1301351,,,,FX_R18_p10_skill__2_Defense_down,,,,,,,,,,,,,,
130136,130133,5,,,,,,,,6,,,,,1301361,,,,FX_R18_p10_skill__2_Defense_down,,,,,,,,,,,,,,
130141,7001,1,,,,,,,,1,,,,,,,,,FX_moba_p006__Skill_2_2_A,,3,1,,,,,,,,998010,,,
130142,7001,2,,,,,,,,1,,,,,,,,,FX_moba_p006__Skill_2_2_A,,3,1,,,,,,,,998010,,,
130143,7001,3,,,,,,,,1.5,,,,,,,,,FX_moba_p006__Skill_2_2_A,,3,1,,,,,,,,998010,,,
130144,7001,4,,,,,,,,1.5,,,,,,,,,FX_moba_p006__Skill_2_2_A,,3,1,,,,,,,,998010,,,
130145,130145,1,,,,,,,,8,,1,0.2,,,,,,FX_R18_P20_atk_hit,,,,,,,,,,,,,,
130146,130145,2,,,,,,,,8,,1,0.3,,,,,,FX_R18_P20_atk_hit,,,,,,,,,,,,,,
130147,130145,3,,,,,,,,8,,1,0.4,,,,,,FX_R18_P20_atk_hit,,,,,,,,,,,,,,
130148,130145,4,,,,,,,,8,,1,0.5,,,,,,FX_R18_P20_atk_hit,,,,,,,,,,,,,,
130149,130149,2,,,,,,,,6,,,,,1301491,,,,FX_R18_p10_skill__2_Defense_down,,,,,,,,,,,,,,
130150,130149,3,,,,,,,,6,,,,,1301501,,,,FX_R18_p10_skill__2_Defense_down,,,,,,,,,,,,,,
130151,130149,4,,,,,,,,6,,,,,1301511,,,,FX_R18_p10_skill__2_Defense_down,,,,,,,,,,,,,,
130152,130149,5,,,,,,,,6,,,,,1301521,,,,FX_R18_p10_skill__2_Defense_down,,,,,,,,,,,,,,
130153,130153,2,,,,,,,,8,,,,,1301531,,,,FX_R18_p10_skill__2_Defense_UP,,,,,1,,,,,,,,,
130154,130153,3,,,,,,,,8,,,,,1301541,,,,FX_R18_p10_skill__2_Defense_UP,,,,,1,,,,,,,,,
130155,130153,4,,,,,,,,8,,,,,1301551,,,,FX_R18_p10_skill__2_Defense_UP,,,,,1,,,,,,,,,
130156,130153,5,,,,,,,,8,,,,,1301561,,,,FX_R18_p10_skill__2_Defense_UP,,,,,1,,,,,,,,,
130157,130157,2,,,,,,,,8,,,,,1301571,,,,FX_R18_p10_skill__2_Atk_up,,,,,1,,,,,,,,,
130158,130158,3,,,,,,,,8,,,,,1301581,,,,FX_R18_p10_skill__2_Atk_up,,,,,1,,,,,,,,,
130159,130159,4,,,,,,,,8,,,,,1301591,,,,FX_R18_p10_skill__2_Atk_up,,,,,1,,,,,,,,,
130160,130160,5,,,,,,,,8,,,,,1301601,,,,FX_R18_p10_skill__2_Atk_up,,,,,1,,,,,,,,,
130161,130161,2,,,,,,,,6,,,,,1301611,,,,FX_R18_p10_skill__2_Defense_down,,,,,,,,,,,,,,
130162,130161,3,,,,,,,,6,,,,,1301621,,,,FX_R18_p10_skill__2_Defense_down,,,,,,,,,,,,,,
130163,130161,4,,,,,,,,6,,,,,1301631,,,,FX_R18_p10_skill__2_Defense_down,,,,,,,,,,,,,,
130164,130161,5,,,,,,,,6,,,,,1301641,,,,FX_R18_p10_skill__2_Defense_down,,,,,,,,,,,,,,
130165,130165,2,,,,,,,,6,,,,,1301651,,,,FX_R18_p10_skill__2_Defense_down,,,,,1,,,,,,,,,
130166,130165,3,,,,,,,,6,,,,,1301661,,,,FX_R18_p10_skill__2_Defense_down,,,,,1,,,,,,,,,
130167,130165,4,,,,,,,,6,,,,,1301671,,,,FX_R18_p10_skill__2_Defense_down,,,,,1,,,,,,,,,
130168,130165,5,,,,,,,,6,,,,,1301681,,,,FX_R18_p10_skill__2_Defense_down,,,,,1,,,,,,,,,
130169,130169,2,,,,,,,,8,,,,,1301691,,,,FX_R18_p10_skill__2_Atk_up,,,,,1,,,,,,,,,
130170,130170,3,,,,,,,,8,,,,,1301701,,,,FX_R18_p10_skill__2_Atk_up,,,,,1,,,,,,,,,
130171,130171,4,,,,,,,,8,,,,,1301711,,,,FX_R18_p10_skill__2_Atk_up,,,,,1,,,,,,,,,
130172,130172,5,,,,,,,,8,,,,,1301721,,,,FX_R18_p10_skill__2_Atk_up,,,,,1,,,,,,,,,
130173,130173,2,,,,,,,,8,,,,,1301731,,,,FX_R18_p10_skill__2_Defense_UP,,,,,1,,,,,,,,,
130174,130173,3,,,,,,,,8,,,,,1301741,,,,FX_R18_p10_skill__2_Defense_UP,,,,,1,,,,,,,,,
130175,130173,4,,,,,,,,8,,,,,1301751,,,,FX_R18_p10_skill__2_Defense_UP,,,,,1,,,,,,,,,
130176,130173,5,,,,,,,,8,,,,,1301761,,,,FX_R18_p10_skill__2_Defense_UP,,,,,1,,,,,,,,,
130177,7001,1,,,,,,,,1,,,,,,,,,FX_moba_p006__Skill_2_2_A,,3,1,,,,,,,,,,,
130178,7001,2,,,,,,,,1,,,,,,,,,FX_moba_p006__Skill_2_2_A,,3,1,,,,,,,,,,,
130179,7001,3,,,,,,,,1.5,,,,,,,,,FX_moba_p006__Skill_2_2_A,,3,1,,,,,,,,,,,
130180,7001,4,,,,,,,,1.5,,,,,,,,,FX_moba_p006__Skill_2_2_A,,3,1,,,,,,,,,,,
130181,130181,2,,,,,,,,6,,,,,1301811,,,,FX_R18_p10_skill__2_Defense_down,,,,,,,,,,,,,,
130182,130181,3,,,,,,,,6,,,,,1301821,,,,FX_R18_p10_skill__2_Defense_down,,,,,,,,,,,,,,
130183,130181,4,,,,,,,,6,,,,,1301831,,,,FX_R18_p10_skill__2_Defense_down,,,,,,,,,,,,,,
130184,130181,5,,,,,,,,6,,,,,1301841,,,,FX_R18_p10_skill__2_Defense_down,,,,,,,,,,,,,,
130185,130185,2,,,,,,,,6,,,,,1301851,,,,FX_R18_p10_skill__2_Defense_down,,,,,,,,,,,,,,
130186,130185,3,,,,,,,,6,,,,,1301861,,,,FX_R18_p10_skill__2_Defense_down,,,,,,,,,,,,,,
130187,130185,4,,,,,,,,6,,,,,1301871,,,,FX_R18_p10_skill__2_Defense_down,,,,,,,,,,,,,,
130188,130185,5,,,,,,,,6,,,,,1301881,,,,FX_R18_p10_skill__2_Defense_down,,,,,,,,,,,,,,
130189,130189,2,,,,,,,,8,,1,0.2,,,,,,FX_R18_P20_atk_hit,,,,,,,,,,,,,,
130190,130189,3,,,,,,,,8,,1,0.3,,,,,,FX_R18_P20_atk_hit,,,,,,,,,,,,,,
130191,130189,4,,,,,,,,8,,1,0.4,,,,,,FX_R18_P20_atk_hit,,,,,,,,,,,,,,
130192,130189,5,,,,,,,,8,,1,0.5,,,,,,FX_R18_P20_atk_hit,,,,,,,,,,,,,,
130193,130193,2,,,,,,,,5,,,,,1301931,,,,FX_R18_p10_skill__2_Atk_up,,,,,1,,,,,,,,,
130194,130193,3,,,,,,,,5,,,,,1301941,,,,FX_R18_p10_skill__2_Atk_up,,,,,1,,,,,,,,,
130195,130193,4,,,,,,,,5,,,,,1301951,,,,FX_R18_p10_skill__2_Atk_up,,,,,1,,,,,,,,,
130196,130193,5,,,,,,,,5,,,,,1301961,,,,FX_R18_p10_skill__2_Atk_up,,,,,1,,,,,,,,,
130197,130197,2,,,,,,,,8,,,,,1301971,,,,FX_R18_p10_skill__2_Atk_up,,,,,1,,,,,,,,,
130198,130197,3,,,,,,,,8,,,,,1301981,,,,FX_R18_p10_skill__2_Atk_up,,,,,1,,,,,,,,,
130199,130197,4,,,,,,,,8,,,,,1301991,,,,FX_R18_p10_skill__2_Atk_up,,,,,1,,,,,,,,,
130200,130197,5,,,,,,,,8,,,,,1302001,,,,FX_R18_p10_skill__2_Atk_up,,,,,1,,,,,,,,,
130201,130201,2,,,,,,,,8,,,,,1302011,,,,FX_R18_p10_skill__2_Atk_up,,,,,1,,,,,,,,,
130202,130201,3,,,,,,,,8,,,,,1302021,,,,FX_R18_p10_skill__2_Atk_up,,,,,1,,,,,,,,,
130203,130201,4,,,,,,,,8,,,,,1302031,,,,FX_R18_p10_skill__2_Atk_up,,,,,1,,,,,,,,,
130204,130201,5,,,,,,,,8,,,,,1302041,,,,FX_R18_p10_skill__2_Atk_up,,,,,1,,,,,,,,,
130205,130205,2,,,,,,,,8,,,,,1302051,,,,FX_R18_p10_skill__2_Defense_UP,,,,,,,,,,,,,,
130206,130205,3,,,,,,,,8,,,,,1302061,,,,FX_R18_p10_skill__2_Defense_UP,,,,,,,,,,,,,,
130207,130205,4,,,,,,,,8,,,,,1302071,,,,FX_R18_p10_skill__2_Defense_UP,,,,,,,,,,,,,,
130208,130205,5,,,,,,,,8,,,,,1302081,,,,FX_R18_p10_skill__2_Defense_UP,,,,,,,,,,,,,,
130209,130209,2,,,,,,,,6,,,,,1302091,,,,FX_R18_p10_skill__2_Defense_down,,,,,,,,,,,,,,
130210,130209,3,,,,,,,,6,,,,,1302101,,,,FX_R18_p10_skill__2_Defense_down,,,,,,,,,,,,,,
130211,130209,4,,,,,,,,6,,,,,1302111,,,,FX_R18_p10_skill__2_Defense_down,,,,,,,,,,,,,,
130212,130209,5,,,,,,,,6,,,,,1302121,,,,FX_R18_p10_skill__2_Defense_down,,,,,,,,,,,,,,
130213,130213,2,,,,,,,,8,,,,,1302131,,,,FX_R18_p10_skill__2_Atk_up,,,,,1,,,,,,,,,
130214,130213,3,,,,,,,,8,,,,,1302141,,,,FX_R18_p10_skill__2_Atk_up,,,,,1,,,,,,,,,
130215,130213,4,,,,,,,,8,,,,,1302151,,,,FX_R18_p10_skill__2_Atk_up,,,,,1,,,,,,,,,
130216,130213,5,,,,,,,,8,,,,,1302161,,,,FX_R18_p10_skill__2_Atk_up,,,,,1,,,,,,,,,
130221,130221,2,,,,,,,,8,,1,0.2,,,,,,FX_R18_P20_atk_hit,,,,,,,,,,,,,,
130222,130221,3,,,,,,,,8,,1,0.3,,,,,,FX_R18_P20_atk_hit,,,,,,,,,,,,,,
130223,130221,4,,,,,,,,8,,1,0.4,,,,,,FX_R18_P20_atk_hit,,,,,,,,,,,,,,
130224,130221,5,,,,,,,,8,,1,0.5,,,,,,FX_R18_P20_atk_hit,,,,,,,,,,,,,,
130229,130229,2,,,,,,,,6,,,,,1302291,,,,FX_R18_p10_skill__2_Defense_down,,,,,,,,,,,,,,
130230,130229,3,,,,,,,,6,,,,,1302301,,,,FX_R18_p10_skill__2_Defense_down,,,,,,,,,,,,,,
130231,130229,4,,,,,,,,6,,,,,1302311,,,,FX_R18_p10_skill__2_Defense_down,,,,,,,,,,,,,,
130232,130229,5,,,,,,,,6,,,,,1302321,,,,FX_R18_p10_skill__2_Defense_down,,,,,,,,,,,,,,
130233,130233,2,,,,,,,,6,,,,,1302331,,,,FX_R18_p10_skill__2_Atk_up,,,,,,,,,,,,,,
130234,130233,3,,,,,,,,6,,,,,1302341,,,,FX_R18_p10_skill__2_Atk_up,,,,,,,,,,,,,,
130235,130233,4,,,,,,,,6,,,,,1302351,,,,FX_R18_p10_skill__2_Atk_up,,,,,,,,,,,,,,
130236,130233,5,,,,,,,,6,,,,,1302361,,,,FX_R18_p10_skill__2_Atk_up,,,,,,,,,,,,,,
130237,130237,2,,,,,,,,6,,1,0.2,,,,,,FX_R18_P20_atk_hit,,,,,,,,,,,,,,
130238,130237,3,,,,,,,,6,,1,0.3,,,,,,FX_R18_P20_atk_hit,,,,,,,,,,,,,,
130239,130237,4,,,,,,,,6,,1,0.4,,,,,,FX_R18_P20_atk_hit,,,,,,,,,,,,,,
130240,130237,5,,,,,,,,6,,1,0.5,,,,,,FX_R18_P20_atk_hit,,,,,,,,,,,,,,
130241,130241,2,,,,,,,,6,,,,,1302411,,,,FX_R18_p10_skill__2_Atk_up,,,,,,,,,,,,,,
130242,130241,3,,,,,,,,6,,,,,1302421,,,,FX_R18_p10_skill__2_Atk_up,,,,,,,,,,,,,,
130243,130241,4,,,,,,,,6,,,,,1302431,,,,FX_R18_p10_skill__2_Atk_up,,,,,,,,,,,,,,
130244,130241,5,,,,,,,,6,,,,,1302441,,,,FX_R18_p10_skill__2_Atk_up,,,,,,,,,,,,,,
994501,994501,1,,,,,,,,2,,,,,,,,,FX_R18_trap_buff_016,,1,,,,,,,,,,,,
994502,994502,4,,,,,,,,3.5,0.5,2,,,4502,,,,FX_trap_buff_001,,,,,,,,,,,,,,
994503,994502,4,,,,,,,,10,,,,,4502,,,,FX_trap_buff_001,,,,,,,,,,,,,,
993001,993001,2,,,,,0.3,,,1,,,,,,,,,FX_trap_buff_002,,,,,1,,,,,,,,,
998015,998015,99,,,,,,,,3,,0.5,,,,,,,FX_trap_buff_003,,,,,1,,,,,,,2,,
994001,994001,1,,,,,,,,10,,,,,4001,,,,FX_trap_buff_004,,,,,1,,,,,,,,,
996001,996001,2,,,,,,1200,,30,,,,,,,,,FX_R18_trap_buff_005,,,,,1,,,,,,,,,
995001,995001,99,,,,,,,,10,,,,,5001,,,,FX_R18_trap_buff_006,,,,,1,,,,,,,,,
998007,998007,99,,,,,,,,10,,,,,8007,,,,FX_trap_buff_015,,,8,,1,,,,,,,1,,
998018,998007,99,,,,,,,,5,,,,,8007,,,,FX_trap_buff_015,,,8,,1,,,,,,,1,,
998019,998007,99,,,,,,,,0.4,,,,,8007,,,,,,,8,,1,,,,,,,1,,
998008,998008,99,,,,,,,,10,,,,,,,,,FX_trap_buff_010,,,6,,1,,,,1,1,,,,
997001,997003,1,,,,,,,,6,,,,,,,,,FX_R18_trap_buff_009,,3,7,,,,,,,,,,,
997002,997002,1,,,,,,,,5,,,,,7003,,,,FX_R18_p05__Skil_1_1,,,9,,,,,,,,,,,
997003,997001,1,,,,,,,,1,,,,,,,,,FX_moba_p006__Skill_2_2_A,,3,1,,,,,,,,,,,
997004,997004,1,,,,,,,,4.3,,,,,,,,,FX_R18_trap_buff_014,,,,,,,,,,,7005-4503,,,
997005,997005,1,,,,,,,,10,,,,,5501,,,,,,,10,,,,,,,,,,,
997012,997002,1,,,,,,,,7,,,,,7003,,,,FX_R18_p05__Skil_1_1,,,9,,,,,,,,,,,
993002,993002,1,,,,,,,,1,,,1.92,,,,,,FX_trap_buff_002,,,,,1,,,,,,,,,
991001,991001,1,,,,,,,,15,,,,,1001,,,,FX_R18_p02_skill__2_buff,,,,,1,,,,,,,,,
991002,991001,1,,,,,,,,15,,,,,1001,,,,FX_moba_p002___002_Skil_2_buff,,,,,1,,,,,,,,,
992001,992001,1,,,,,,,,15,,,,,2001,,,,,,,,,1,,,,,,,,,
990001,990001,1,,,,,,,,1.5,1,1.1,,,,,,,,,,,1,1,1001-2001,10,,,,,,,
990002,990001,1,,,,,,,,1.5,1,1.1,,,,,,,,,,,1,1,1002-2001,10,,,,,,,
990003,990001,2,,,,,,,,1.5,1,1.1,,,,,,,,,,,1,1,1001-2001,999,,,,,,,
992002,992002,99,,,,,,,,20,,,,,2002,,,,,,,4,,1,,,,1,,,,,
992004,992004,99,,,,,,,,20,,,,,2004,,,,,,,4,,1,,,,1,,,,,
993500,993500,99,,,,,,,,0.5,,,,9999,,,,,,,,,,,,,,,,,,,
993504,995304,99,,,,,,,,5.5,5.2,0.1,,9999,,,,,,,,4,,,,,,,,,,,
994002,994001,1,,,,,,,,15,,,,,4001,,,,,,,,,1,,,,,,,,,
993501,993501,1,3,,,,,,,1,,,0.16,,,,,,,,,,,,,,,,,,,,
994504,994502,4,,,,,,,,1,,,,,4502,,,,,,,,,,,,,,,,,,
997006,997001,1,,,,,,,,1,,,,,,,,,FX_moba_p006__Skill_2_2_A,,3,1,,,,,,,,,,,
998001,998008,1,,,,,,,,3.7,,,,,,,,,FX_trap_buff_010,,,6,,1,,,,1,1,,,,
994505,994502,4,,,,,,,,1,,,,,4502,,,,,,,,,,,,,,,,,,
997007,997001,1,,,,,,,,1.5,,,,,,,,,FX_moba_p006__Skill_2_2_A,,3,1,,,,,,,,,,,
994506,994506,1,,,,,,,,1.5,,,,,,,,,FX_trap_buff_020,,2,,,,,,,,,,,,
994517,994502,4,,,,,,,,1.5,,,,,4502,,,,,,,,,,,,,,,,,,
997008,997002,1,,,,,,,,5,,,,,7009,,,,FX_moba_p005_002___Skil_1_1,,,9,,,,,,,,,,,
994003,994001,1,,,,,,,,10,,,,,4001,,,,FX_trap_buff_004,,,,,1,,,,,,,,,
993502,993502,1,,,,,,,,10,,1,0.33,,,,,,FX_R18_moba__atk_1_hit__debuff,,,,,,,,,,,,,,
993505,993505,1,,,,,,,,5,,1,0.3,,,,,,FX_moba_p006__Skill_1_2,,,,,,,,,,,,,,
993506,993506,1,,,,,,,,8,,1,0.35,,,,,,FX_P13_debuff_001,,,,,,,,,,,,,,
993512,993506,1,,,,,,,,8,,1,0.5,,,,,,FX_P13_debuff_001,,,,,,,,,,,,,,
993507,993507,1,10,,,,,,,2,,,,,,,,,FX_R18_P13_skill_2_exhit,,,,,,,,,,,,,,
993508,993508,1,,,,,,,,1,,,0.4,,,,,,FX_R18_moba__atk_1_hit__debuff,,,,,,,,,,,,,,
997009,997009,1,,,,,,,,10,,,,,,,,,FX_moba_p006__Skill_1_2_1,,,,,,,,,,,,,,
997010,997001,1,,,,,,,,1.1,,,,,,,,,FX_moba_p006__Skill_2_2_B,,3,11,,,,,,,,,,,
998002,997001,99,,,,,,,,20,,,,,,,,,,,,,,,,,,1,,,,,
998004,997002,99,,,,,,,,20,,,,,,,,,FX_Moba_005,,,,,,,,,1,,,,,
998011,7001,99,,,,,,,,20,,,,,,,,,,,,,,,,,,1,,,,,
998005,997001,99,,,,,,,,5,,,,,2003,,,,,,,,,,,,,1,,,,,
998006,997002,99,,,,,,,,5,,,,,,,,,FX_Moba_005,,,,,,,,,1,,,,,
998012,7001,99,,,,,,,,5,,,,,,,,,,,,,,,,,,1,,,,,
993003,993003,1,,,,,,,,0.9,,,0.48,,,,,,FX_trap_buff_002,,,,,1,,,,,,,,,
993503,993503,1,,,,,,,,0.9,,,0.48,,,,,,,,,,,,,,,,,,,,
993004,993003,1,,,,,,,,0.9,,,0.6,,,,,,FX_trap_buff_002,,,,,1,,,,,,,,,
993511,993503,1,,,,,,,,0.9,,,0.6,,,,,,,,,,,,,,,,,,,,
991501,991501,1,,,,,,,,10,,,,,1501,,,,FX_R18_p10_skill__2_Atk_down,,,,,,,,,,,,,,
992501,992501,1,,,,,,,,5,,,,,2501,,,,FX_R18_p10_skill__2_Defense_down,,,,,,,,,,,,,,
992502,992501,1,,,,,,,,6,,,,,2501,,,,FX_R18_p10_skill__2_Defense_down,,,,,,,,,,,,,,
999001,999001,1,,,,,,,,5,,,,,,,,,FX_R18_trap_buff_018,,,,,,,,,,,,,,
991003,991003,1,,,,,,,,300,,,,,1002,,,,,,,,,,,,,,,,,,
990004,990004,1,,,,,,,,1,,,,,,,,,,,,,1,1,991004,15,,,,,,,
991004,991004,1,,,,,,,,8,,,,,1004,,,,FX_R18_p10_skill__2_Atk_up,,,,,1,,,,,,,,,
999002,999002,1,,,,,,,,6,,0.4,,,,,,,FX_R18_trap_Debuff_001,,,,,,,,,,,,,,
996002,996001,1,,,,,,1200,,30,,,,,,,,,FX_Monster_M050_skill_1_buff,,,,,1,,,,,,,,,
1003,1003,1,,,,,,,,3000,,,,,1003,,,,,,,,,1,,,,,,,,,
997011,997002,1,,,,,,,,1.1,,,,,,,,,FX_moba_p006__Skill_2_2_A,,3,1,,,,,,,,998003,,,
998003,997002,99,,,,,,,,2,,,,,,,,,,,,,,,,,,,,,,,
995002,995001,1,,,,,,,,10,,,,,5002,,,,FX_R18_P11_skill_1_biff,,,,,1,,,,,,,,,
995003,995001,1,,,,,,,,10,,,,,5003,,,,FX_R18_P31_skill_1_buff,,,,,1,,,,,,,,,
996003,996001,3,,,,,,2500,,10,,,,,,,,,FX_R18_trap_buff_005,,,,,1,,,,,,,,,
996004,996001,4,,,,,,4000,,10,,,,,,,,,FX_R18_trap_buff_005,,,,,1,,,,,,,,,
991502,991501,1,,,,,,,,10,,,,,1501,,,,FX_R18_p10_skill__2_Atk_down,,,,,,,,,,,,,,
995501,995501,4,,,,,,,,1,,,,,5503,,,,FX_R18_P14_skill_1_debuff,,,,,,,,,,,,,,
998016,998016,99,,,,,,,,6,,,,,,,,,FX_R18_P14_skill_2_buff,,,,,1,,,,,,,3,,
998017,998015,99,,,,,,,,1,,,,,,,,,,,,,,1,,,,,,,2,,
994507,994502,4,,,,,,,,4,,,,,4502,,,,FX_trap_buff_001,,,,,,,,,,,,,,
990005,990005,1,,,,,,,,8.5,0.5,1,,,,,,,FX_R18_P15_skill_2_3Buff,,,,1,1,993509,10,,,,,,,
993509,993509,1,,,,,,,,1,,,0.5,,,,,,FX_R18_P15_skill_2_hit,,,,,,,,,,,,,,
993510,993510,1,,,,,,,,1,,,0.2,,,,,,FX_R18_P15_skill_1_hit,,,,,,,,,,,,,,
993514,993510,1,,,,,,,,1,,,0.35,,,,,,FX_R18_P15_skill_1_hit,,,,,,,,,,,,,,
991011,991011,1,,,,,,,,10,,,,,1011,,,,FX_R18_p10_skill__2_Atk_up,,,,,1,,,,,,,,,
992503,992501,1,,,,,,,,8,,,,,2501,,,,FX_R18_p10_skill__2_Defense_down,,,,,,,,,,,,,,
993005,993005,1,,,,,,,,1,,,2.2,,,,,,FX_trap_buff_002,,,,,1,,,,,,,,,
994508,994502,4,,,,,,,,8,,,,,4502,,,,FX_trap_buff_001,,,,,,,,,,,,,,
998009,998008,1,,,,,,,,3.5,,,,,,,,,FX_trap_buff_010,,,6,,1,,,,,1,,,,
991005,991005,1,3,,,1,,,,10,,,,,1005,,,,FX_R18_P17_Skill_2_Atk_Up,,,,,1,,,,,,,,,
991012,991012,1,3,,,1,,,,10,,,,,1012,,,,,,,,,1,,,,,,,,,
992504,992501,1,,,,,,,,8,,,,,2501,,,,FX_R18_p10_skill__2_Defense_down,,,,,,,,,,,,,,
994509,994502,4,,,,,,,,4,,,,,4502,,,,FX_trap_buff_001,,,,,,,,,,,,,,
991006,991006,1,,,,,,,,10,,,,,1006,,,,FX_R18_P13_Skill_2_Cri_Up,,,,,1,,,,,,,,,
991007,991007,1,,,,,,,,10,,,,,1007,,,,,,,,,1,,,,,,,,,
997013,994506,1,,,,,,,,2.5,,,,,,,,,FX_trap_buff_020,,2,,,,,,,,,,,,
997014,997002,1,,,,,,,,5,,,,,,,,,FX_R18_P18_Skill_01_Debuff,,,9,,,,,,,,,,,
997016,997002,1,,,,,,,,6,,,,,,,,,FX_R18_P18_Skill_01_Debuff,,,9,,,,,,,,,,,
997017,994506,1,,,,,,,,3.5,,,,,,,,,FX_trap_buff_020,,2,,,,,,,,,,,,
991008,991008,1,,,,,,,,10,,,,,1008,,,,FX_R18_p10_skill__2_Atk_up,,,,,1,,,,,,,,,
992005,992005,1,,,,,,,,10,,,,,2005,,,,,,,,,1,,,,,,,,,
992505,992501,1,,,,,,,,8,,,,,2501,,,,FX_R18_p10_skill__2_Defense_down,,,,,,,,,,,,,,
993006,993006,1,,,,,,,,10,,1,0.4,,,,,,FX_trap_buff_002,,,,,1,,,,,,,,,
993008,993006,1,,,,,,,,10,,1,0.6,,,,,,FX_trap_buff_002,,,,,1,,,,,,,,,
994510,994501,1,,,,,,,,5.2,,,,,,,,,FX_R18_P19_Skill_1_Floor,,1,,,,,,,,,,,,
993518,993518,1,,,,,,,,5.2,,1,0.5,,,,,,FX_R18_P19_skill_2_hit,,,,,,,,,,,,,,
990006,990006,1,,,,,,,,1,,,,,,,,,,,,,1,1,991009,15,,,,,,,
991009,991009,1,,,,,,,,8,,,,,1009,,,,FX_R18_p10_skill__2_Atk_up,,,,,1,,,,,,,,,
992506,992501,1,,,,,,,,8,,,,,2501,,,,FX_R18_p10_skill__2_Defense_down,,,,,,,,,,,,,,
998010,130141,99,,,,,,,,2,,,,,,,,,,,,,,,,,,,,,,,
991010,991010,1,,,,,,,,10,,,,,1010,,,,FX_R18_P13_Skill_2_Cri_Up,,,,,1,,,,,,,,,
993007,993007,1,,,,,,,,1,,,2,,,,,,FX_trap_buff_002,,,,,1,,,,,,,,,
990007,990007,1,,,,,,,,5.5,0.5,1,0.4,,,,,,FX_R18_P21_skill_2_Buff,,,,1,,993513,10,Ally,,,,,,
993513,993513,1,,,,,,,,1,,,0.4,,,,,,FX_R18_P21_skill_2_Buff_3,,,,,,,,,,,,,,
997015,997002,1,,,,,,,,2,,,,,,,,,FX_moba_p006__Skill_2_2_A,,3,1,,,,,,,,,,,
991503,991501,1,,,,,,,,8,,,,,1501,,,,FX_R18_p10_skill__2_Atk_down,,,,,,,,,,,,,,
992006,992006,1,,,,,,,,10,,,,,2006,,,,FX_R18_p10_skill__2_Defense_UP,,,,,1,,,,,,,,,
991504,991501,1,,,,,,,,8,,,,,1501,,,,FX_R18_p10_skill__2_Atk_down,,,,,,,,,,,,,,
990008,996001,1,,,,,,2500,,10,,,,,,,,,FX_R18_trap_buff_005,,,,1,1,996005,999,Ally,,,,,,
990009,996001,1,,,,,,4000,,10,,,,,,,,,FX_R18_trap_buff_005,,,,1,1,996006,999,Ally,,,,,,
992007,992007,1,,,,,,,,10,,,,,2007,,,,FX_R18_p10_skill__2_Defense_UP,,,,,,,,,,,,,,
996005,996001,3,,,,,,2500,,10,,,,,,,,,FX_R18_trap_buff_005,,,,,1,,,,,,,,,
996006,996001,3,,,,,,4000,,10,,,,,,,,,FX_R18_trap_buff_005,,,,,1,,,,,,,,,
997018,997002,1,,,,,,,,2,,,,,,,,,FX_moba_p006__Skill_2_2_A,,3,1,,,,,,,,,,,
993515,993515,1,,,,,,,,1,0.6,,0.6,,,,,,FX_R18_P15_skill_2_hit,,,,,,,,,,,,,,
993519,993515,2,,,,,,,,1,0.6,,0.85,,,,,,FX_R18_P15_skill_2_hit,,,,,,,,,,,,,,
997019,994506,1,,,,,,,,2.5,,,,,,,,,FX_trap_buff_020,,2,,,,,,,,,,,,
997024,994506,1,,,,,,,,1.5,,,,,,,,,FX_trap_buff_020,,2,,,,,,,,,,,,
994511,994502,4,,,,,,,,1,,,,,4502,,,,FX_trap_buff_001,,,,,,,,,,,,,,
997020,997002,1,,,,,,,,2,,,,,,,,,FX_moba_p006__Skill_2_2_A,,3,1,,,,,,,,,,,
991013,991013,1,,,,,,,,10,,,,,1013,,,,FX_R18_p10_skill__2_Atk_up,,,,,1,,,,,,,,,
994512,994502,4,,,,,,,,10,,,,,4502,,,,FX_trap_buff_001,,,,,,,,,,,,,,
993516,993516,1,10,,,,,,,2,,,,,,,,,FX_R18_P23_skill_hit,,,,,,,,,,,,,,
991016,991016,1,,,,,,,,10,,,,,1016,,,,FX_R18_p10_skill__2_Atk_up,,,,,1,,,,,,,,,
992009,992009,1,,,,,,,,10,,,,,2009,,,,FX_R18_p10_skill__2_Defense_UP,,,,,1,,,,,,,,,
991505,991501,1,3,,,1,,,,10,,,,,1502,,,,FX_R18_p10_skill__2_Atk_down,,,,,,,,,,,,,,
999003,999003,1,,Icon\Item\Skill\Icon_Skill_P024_002,T_STATUS_BarTip_999003,,,,,25,,,,,9003,,,,R18_P24_skill_1_0_buff,,,,,1,,,,,,,6,999003-999004-999004-999005-999005-999005,
999004,999003,1,,Icon\Item\Skill\Icon_Skill_P024_002,T_STATUS_BarTip_999004,,,,,25,,,,,9004,,,,R18_P24_skill_1_0_buff (2),,,,,1,,,,,,,,,
999005,999003,1,,Icon\Item\Skill\Icon_Skill_P024_002,T_STATUS_BarTip_999005,,,,,25,,,,,9005,,,,R18_P24_skill_1_0_buff (3),,,,,1,,,,,,,,,
999006,999003,99,,,,,,,,0.4,,,,,,,,,,,,,,1,,,,,,,,,
993517,993517,1,,,,,,,,1,,,,,,,,,R18_P24_skill_2_1_hit,,,,,,,,,,,,,,
993009,993009,1,,,,,,,,1,0.6,,1.1,,,,,,FX_trap_buff_002,,,,,1,,,,,,,,,
992507,992501,1,,,,,,,,8,,,,,2501,,,,FX_R18_p10_skill__2_Defense_down,,,,,,,,,,,,,,
991506,991501,1,,,,,,,,8,,,,,1501,,,,FX_R18_p10_skill__2_Atk_down,,,,,,,,,,,,,,
993520,993520,1,,,T_STATUS_BarTip_993520,,,,,8,,1,0.25,,,,,,FX_R18_P26_skill_poison_1,,,,,,,,,,,,,,
993521,993521,1,,,T_STATUS_BarTip_993521,,,,,8,,1,0.35,,,,,,FX_R18_P26_skill_poison_2,,,,,,,,,,,,,,
993522,993522,1,,,T_STATUS_BarTip_993520,,,,,8,,1,0.35,,,,,,FX_R18_P26_skill_poison_1,,,,,,,,,,,,,,
993523,993523,1,,,T_STATUS_BarTip_993521,,,,,8,,1,0.48,,,,,,FX_R18_P26_skill_poison_2,,,,,,,,,,,,,,
991014,991014,1,,,,,,,,10,,,,,1014,,,,FX_R18_p10_skill__2_Atk_up,,,,,1,,,,,,,,,
991015,991015,1,,,,,,,,10,,,,,1015,,,,FX_R18_p10_skill__2_Atk_up,,,,,1,,,,,,,,,
992008,992008,1,,,,,,,,10,,,,,2008,,,,FX_R18_p10_skill__2_Defense_UP,,,,,1,,,,,,,,,
994513,994501,1,,,,,,,,5.2,,,,,,,,,R18_P27_skill_1_1_debuff,,1,,,,,,,,,,,,
994514,994502,4,,,,,,,,6,,,,,4502,,,,FX_trap_buff_001,,,,,,,,,,,,,,
990010,990010,1,,,,,,,,1,,,,,,,,,,,,,1,1,993010,999,Ally,,,,,,
993010,993010,1,,,,,,,,1,0.6,,1.8,,,,,,FX_trap_buff_002,,,,,1,,,,,,,,,
991507,991501,1,,,,,,,,10,,,,,1501,,,,FX_R18_p10_skill__2_Atk_down,,,,,,,,,,,,,,
992010,992010,1,,,,,,,,10,,,,,,,,,,,,,1,1,992011,999,Ally,,,,,,
992011,992011,1,,,,,,,,10,,,,,2010,,,,FX_R18_p10_skill__2_Defense_UP,,,,,1,,,,,,,,,
992012,992012,1,,Icon\Item\Skill\Icon_Skill_P024_002,T_STATUS_BarTip_999003,,,,,15,0.1,16,,,9003,,,,R18_P24_skill_1_0_buff,,,,1,1,992017,10,Ally_Self,,,,6,992012-992013-992013-992014-992014-992014,
992013,992012,1,,Icon\Item\Skill\Icon_Skill_P024_002,T_STATUS_BarTip_999004,,,,,15,,,,,9004,,,,R18_P24_skill_1_0_buff (2),,,,,1,,,,,,,,,
992014,992012,1,,Icon\Item\Skill\Icon_Skill_P024_002,T_STATUS_BarTip_999005,,,,,15,0.1,16,,,9005,,,,R18_P24_skill_1_0_buff (3),,,,1,1,992016,10,Ally_Self,,,,,,
992015,992012,99,,,,,,,,0.4,,,,,,,,,,,,,,1,,,,,,,,,
992016,992016,1,,,,,,,,15,,,,,,,,,,,,,,1,,,,,,,,,
992017,992016,99,,,,,,,,0.4,,,,,,,,,,,,,,1,,,,,,,,,
992801,992801,1,,,,,,,,5.2,,,,,,,,,FX_R18_trap_buff_016,,1,,,,,,,,,,,,
992802,992802,1,,,,,,,,10,,,,,2802,,,,,,,,,1,,,,,,,,,
992803,992803,1,,,,,,,,4,,,,,2803,,,,FX_trap_buff_010,,,6,,1,,,,,1,,,,
990011,990001,1,,,,,,,,1.5,0.1,1.7,,,,,,,,,,,1,1,991018-994004,15,Ally_Self,,,,,,
991018,991018,1,,,,,,,,15,,,,,1015,,,,FX_R18_p02_skill__2_buff,,,,,1,,,,,,,,,
994004,994001,1,,,,,,,,10,,,,,4001,,,,FX_R18_p10_skill__2_Atk_up,,,,,1,,,,,,,,,
997021,997001,1,,,,,,,,1,,,,,,,,,FX_moba_p006__Skill_2_2_A,,3,1,,,,,,,,,,,
992508,992501,1,,,,,,,,8,,,,,2501,,,,FX_R18_p10_skill__2_Defense_down,,,,,,,,,,,,,,
997022,997022,1,,,,,,,,15,,,,,,,,,FX_R18_P29_Skill_01_Debuff,,,,,,,,,,,,,,
997023,997023,1,,,,,,,,2,,,,,,,,,FX_R18_P29_Skill_02_Debuff_Hit,,,,,,,,,,,,,,
991017,991017,1,,,,,,,,10,,,,,1001,,,,FX_R18_p10_skill__2_Atk_up,,,,,1,,,,,,,,,
992018,992001,1,,,,,,,,10,,,,,2010,,,,FX_R18_p10_skill__2_Defense_UP,,,,,1,,,,,,,,,
993011,993009,2,,,,,,,,1,0.6,,1.55,,,,,,FX_trap_buff_002,,,,,1,,,,,,,,,
999007,999007,1,,,,,,,,10,,,,,140025,,,,FX_R18_P13_Skill_2_CriDmg_Up,,,,,1,,,,,,,,,
999008,999007,2,,,,,,,,10,,,,,140026,,,,FX_R18_P13_Skill_2_CriDmg_Up,,,,,1,,,,,,,,,
999009,999007,3,,,,,,,,10,,,,,140027,,,,FX_R18_P13_Skill_2_CriDmg_Up,,,,,1,,,,,,,,,
999010,999007,4,,,,,,,,10,,,,,140028,,,,FX_R18_P13_Skill_2_CriDmg_Up,,,,,1,,,,,,,,,
992019,992019,1,,,,,,,,10,,,,,140021,,,,FX_R18_p10_skill__2_Defense_UP,,,,,1,,,,,,,,,
992020,992019,2,,,,,,,,10,,,,,140022,,,,FX_R18_p10_skill__2_Defense_UP,,,,,1,,,,,,,,,
992021,992019,3,,,,,,,,10,,,,,140023,,,,FX_R18_p10_skill__2_Defense_UP,,,,,1,,,,,,,,,
992022,992019,4,,,,,,,,10,,,,,140033,,,,FX_R18_p10_skill__2_Defense_UP,,,,,1,,,,,,,,,
992023,992019,5,,,,,,,,10,,,,,140024,,,,FX_R18_p10_skill__2_Defense_UP,,,,,1,,,,,,,,,
992024,992019,6,,,,,,,,10,,,,,140034,,,,FX_R18_p10_skill__2_Defense_UP,,,,,1,,,,,,,,,
992025,992019,7,,,,,,,,10,,,,,140035,,,,FX_R18_p10_skill__2_Defense_UP,,,,,1,,,,,,,,,
991019,991019,1,,,,,,,,10,,,,,140029,,,,FX_R18_p10_skill__2_Atk_up,,,,,1,,,,,,,,,
991020,991019,2,,,,,,,,10,,,,,140030,,,,FX_R18_p10_skill__2_Atk_up,,,,,1,,,,,,,,,
991021,991019,3,,,,,,,,10,,,,,140031,,,,FX_R18_p10_skill__2_Atk_up,,,,,1,,,,,,,,,
991022,991019,4,,,,,,,,10,,,,,140032,,,,FX_R18_p10_skill__2_Atk_up,,,,,1,,,,,,,,,
992509,992501,1,,,,,,,,8,,,,,2501,,,,FX_R18_p10_skill__2_Defense_down,,,,,,,,,,,,,,
993524,993524,1,,,,,,,,10,,1,0.2,,993524,,,,FX_P13_debuff_001,R18_P30_atk_1_0_hit_dot,,,,,,,,,,,,,
993526,993526,1,,,,,,,,10,,1,0.2,,993526,,,,FX_P13_debuff_001,R18_P30_atk_1_0_hit_dot,,,,,,,,,,,,,
994515,994502,4,,,,,,,,10.7,,,,,4502,,,,FX_trap_buff_001,,,,,,,,,,,,,,
993012,993012,1,,,,,,,,5,0.4,6,1.5,,,,,,FX_R18_P30_Skill_02_Debuff,,,,,1,,,,,,,,,
993013,993013,1,,,,,,,,5,0.4,6,2.25,,,,,,FX_R18_P30_Skill_02_Debuff,,,,,1,,,,,,,,,
999011,999011,1,,,,,,,,5,,,,,,,,,FX_R18_P30_Skill_01_Debuff,,,,,1,,,,,,,,,
999012,999012,1,,,,,,,,2,,,,,,,,,,,,,,,,,,,,,,,
999022,999022,1,,,,,,,,2,,,,,,,,,,,,,,,,,,,,,,,
999013,999013,1,,,,,,,,5,,,,,,,,,,,,,,1,,,,,,,,,
991025,991025,1,,,,,,,,10,,,,,1008,,,,FX_R18_p10_skill__2_Atk_up,,,,,1,,,,,,,,,
999014,999014,1,,,,,,,,1,0.4,1,0.4,,,,,,,FX_R18_FE005_act_1_hit,,,,,,,,,,,,,
999015,999014,2,,,,,,,,1,0.4,1,0.6,,,,,,,FX_R18_FE005_act_1_hit,,,,,,,,,,,,,
999016,999014,3,,,,,,,,1,0.4,1,0.8,,,,,,,FX_R18_FE005_act_1_hit,,,,,,,,,,,,,
999017,999014,4,,,,,,,,1,0.4,1,1,,,,,,,FX_R18_FE005_act_1_hit,,,,,,,,,,,,,
999018,999014,5,,,,,,,,1,0.4,1,1.4,,,,,,,FX_R18_FE005_act_1_hit,,,,,,,,,,,,,
999998,999998,1,,,,,,,,2,,,,,,,,,,,,,,,,,,,,,,,
999999,999999,1,,,,,,,,2,,,,,,,,,,,,,,,,,,,,,,,
992510,992501,1,,,,,,,,8,,,,,2501,,,,FX_R18_p10_skill__2_Defense_down,,,,,,,,,,,,,,
994516,994501,1,,,,,,,,5.2,,,,,,,,,R18_P32_skill_1_1_debuff,,1,,,,,,,,,,,,
993525,993525,1,,,,,,,,8,,1,0.3,,,,,,R18_P32_skill_2_1_debuff,R18_P32_atk_1_0_hit_dot,,,,,,,,,,,,,
990012,990012,1,,,,,,,,5.5,0.5,1,,,,,,,,,,,1,1,991023-992026,15,Ally_Self,,,,,,
990013,990013,1,,,,,,,,5,0.1,6,,,,,,,,,,,1,1,998020,15,Ally_Self,,,,,,
991023,991023,1,,,,,,,,15,,,,,1008,,,,FX_R18_p10_skill__2_Atk_up,,,,,1,,,,,,,,,
992026,992026,1,,,,,,,,15,,,,,2010,,,,,,,,,1,,,,,,,,,
991508,991501,1,,,,,,,,10,,,,,1501,,,,FX_R18_p10_skill__2_Atk_down,,,,,,,,,,,,,,
998020,998015,99,,,,,,,,1,,,,,,,,,FX_R18_P33_Skill__2_1_Buff,,,,,1,,,,,,,2,,
991024,991024,1,,,,,,,,10,,,,,1008,,,,FX_R18_p10_skill__2_Atk_up,,,,,1,,,,,,,,,
992027,992027,1,,,,,,,,10,,,,,2010,,,,FX_R18_p10_skill__2_Defense_UP,,,,,1,,,,,,,,,
994518,994502,1,,,,,,,,5,,,,,4503,,,,FX_trap_buff_001,,,,,,,,,,,,,,
994519,994502,2,,,,,,,,5,,,,,4504,,,,FX_trap_buff_001,,,,,,,,,,,,,,
994520,994502,3,,,,,,,,5,,,,,4505,,,,FX_trap_buff_001,,,,,,,,,,,,,,
994521,994502,4,,,,,,,,5,,,,,4502,,,,FX_trap_buff_001,,,,,,,,,,,,,,
994522,994502,5,,,,,,,,5,,,,,4506,,,,FX_trap_buff_001,,,,,,,,,,,,,,
997028,997001,1,,,,,,,,1,,,,,,,,,FX_moba_p006__Skill_2_2_A,,3,1,,,,,,,,,,,
999019,999019,1,,Icon\Item\Skill\Icon_Skill_P034_002,T_STATUS_BarTip_999019,,,,,25,,,,,9006,,,,R18_P34_skill_1_0_buff,,,,,1,,,,,,,6,999019-999020-999020-999021-999021-999021,
999020,999019,1,,Icon\Item\Skill\Icon_Skill_P034_002,T_STATUS_BarTip_999020,,,,,25,,,,,9007,,,,R18_P34_skill_1_0_buff (2),,,,,1,,,,,,,,,
999021,999019,1,,Icon\Item\Skill\Icon_Skill_P034_002,T_STATUS_BarTip_999021,,,,,25,,,,,9008,,,,R18_P34_skill_1_0_buff (3),,,,,1,,,,,,,,,
999035,999019,99,,,,,,,,0.4,,,,,,,,,,,,,,1,,,,,,,,,
999023,999023,1,,Icon\Item\Skill\Icon_Buff_012_Damage,T_STATUS_BarTip_999023,,,,,15,,,,,9009,,,,R18_FE008_skill_1_0_buff,,,,,1,,,,,,,6,999023-999024-999024-999025-999025-999025,
999024,999023,1,,Icon\Item\Skill\Icon_Buff_012_Damage,T_STATUS_BarTip_999024,,,,,15,,,,,9010,,,,R18_FE008_skill_1_0_buff (2),,,,,1,,,,,,,,,
999025,999023,1,,Icon\Item\Skill\Icon_Buff_012_Damage,T_STATUS_BarTip_999025,,,,,15,,,,,9011,,,,R18_FE008_skill_1_0_buff (3),,,,,1,,,,,,,,,
999026,999023,1,,Icon\Item\Skill\Icon_Buff_012_Damage,T_STATUS_BarTip_999023,,,,,15,,,,,9012,,,,R18_FE008_skill_1_0_buff,,,,,1,,,,,,,6,999026-999027-999027-999028-999028-999028,
999027,999023,1,,Icon\Item\Skill\Icon_Buff_012_Damage,T_STATUS_BarTip_999024,,,,,15,,,,,9013,,,,R18_FE008_skill_1_0_buff (2),,,,,1,,,,,,,,,
999028,999023,1,,Icon\Item\Skill\Icon_Buff_012_Damage,T_STATUS_BarTip_999025,,,,,15,,,,,9014,,,,R18_FE008_skill_1_0_buff (3),,,,,1,,,,,,,,,
999029,999023,1,,Icon\Item\Skill\Icon_Buff_012_Damage,T_STATUS_BarTip_999023,,,,,15,,,,,9015,,,,R18_FE008_skill_1_0_buff,,,,,1,,,,,,,6,999029-999030-999030-999031-999031-999031,
999030,999023,1,,Icon\Item\Skill\Icon_Buff_012_Damage,T_STATUS_BarTip_999024,,,,,15,,,,,9016,,,,R18_FE008_skill_1_0_buff (2),,,,,1,,,,,,,,,
999031,999023,1,,Icon\Item\Skill\Icon_Buff_012_Damage,T_STATUS_BarTip_999025,,,,,15,,,,,9017,,,,R18_FE008_skill_1_0_buff (3),,,,,1,,,,,,,,,
999032,999023,1,,Icon\Item\Skill\Icon_Buff_012_Damage,T_STATUS_BarTip_999023,,,,,15,,,,,9018,,,,R18_FE008_skill_1_0_buff,,,,,1,,,,,,,6,999032-999033-999033-999034-999034-999034,
999033,999023,1,,Icon\Item\Skill\Icon_Buff_012_Damage,T_STATUS_BarTip_999024,,,,,15,,,,,9019,,,,R18_FE008_skill_1_0_buff (2),,,,,1,,,,,,,,,
999034,999023,1,,Icon\Item\Skill\Icon_Buff_012_Damage,T_STATUS_BarTip_999025,,,,,15,,,,,9020,,,,R18_FE008_skill_1_0_buff (3),,,,,1,,,,,,,,,
990014,990014,1,,,,,,,,1,,,,,,,,,,,,,1,1,993014,999,Ally_Self,,,,,,
993014,993014,1,,,,,,,,1,0.6,,1.1,,,,,,FX_trap_buff_002,,,,,1,,,,,,,,,
991509,991501,1,,,,,,,,10,,,,,1501,,,,FX_R18_p10_skill__2_Atk_down,,,,,,,,,,,,,,
990015,990015,1,,,,,,,,1,,,,,,,,,,,,,1,1,992028-999036,999,Ally_Self,,,,,,
992028,992028,1,,Icon\Item\Skill\Icon_Skill_P035_003,T_STATUS_BarTip_992028,,,,,10,,,,,2010,,,,FX_R18_p10_skill__2_Defense_UP,,,,,1,,,,,,,,,
999036,999036,1,,,,,,,,10,,,,,993527,,,,R18_P35_skill_2_0_buff,,,,,1,,,,,,,,,
993527,993527,1,,,,,,,,1,,,0.8,,,,,,R18_P35_skill_2_1_debuff,R18_P35_skill_2_1_hit_dot,,,,,,,,,,,,,
999037,999037,1,,,,,,,,7,,,,,2003,,,,,,,,,1,,,,,,,,,
999038,999038,1,10,Icon\Icon10_ElvHead\Icon01_Head_S_E016,T_STATUS_BarTip_999038,1,,,,10,,,,,999038,,,,,,,,,,,,,,,,,,
999039,999039,1,,,,,,,,1,,,,,,,,,,,,,,,,,,,,,,,
999041,999041,1,,,,,,,,2,,,,,,,,,R18_P36_pet_01_atk_1_0_hit_1,,,,,,,,,,,,,,
993528,993528,1,,,,,,,,2,1.3,,0.8,,,,,,,R18_P31_skill_1_0_hit,,,,,,,,,,,,,
993529,993529,1,,,,,,,,5,,,,,993528,,,,FX_R18_p10_skill__2_Atk_up,,,,,1,,,,,,,,,
993530,993530,1,,,,,,,,2,,,,,,,,,R18_P31_skill_1_0_hit,,,,,,,,,,,,,,
990016,990016,1,,,,,,,,1,,,,,,,,,,,,,1,1,998016-998017-995003,999,Ally_Self,,,,,,
995502,995501,1,,,,,,,,1,,,,,,,-150,,FX_R18_P14_skill_1_debuff,,,,,,,,,,,,,,
995503,995501,2,,,,,,,,1,,,,,,,-200,,FX_R18_P14_skill_1_debuff,,,,,,,,,,,,,,
995504,995501,3,,,,,,,,1,,,,,,,-250,,FX_R18_P14_skill_1_debuff,,,,,,,,,,,,,,
995505,995501,4,,,,,,,,1,,,,,,,-300,,FX_R18_P14_skill_1_debuff,,,,,,,,,,,,,,
995506,995501,5,,,,,,,,1,,,,,,,-350,,FX_R18_P14_skill_1_debuff,,,,,,,,,,,,,,
995507,995501,6,,,,,,,,1,,,,,,,-360,,FX_R18_P14_skill_1_debuff,,,,,,,,,,,,,,
994523,994506,1,,,,,,,,1.5,,,,,4502,,,,R18_FE010_skill_1_0_debuff,,2,,,,,,,,,,,,
994524,994506,2,,,,,,,,2,,,,,4502,,,,R18_FE010_skill_1_0_debuff,,2,,,,,,,,,,,,
994525,994506,3,,,,,,,,2.5,,,,,4502,,,,R18_FE010_skill_1_0_debuff,,2,,,,,,,,,,,,
992511,992501,1,,,,,,,,8,,,,,2501,,,,FX_R18_p10_skill__2_Defense_down,,,,,,,,,,,,,,
999040,999040,1,,Icon\Icon10_ElvHead\Icon01_Head_S_E004,T_STATUS_BarTip_999040,,,,,10,,,,,999040,,,,,,,,,1,,,,,,,,,
993531,993531,1,,,,,,,,10,,,,,,,,,R18_P36_skill_2_1_debuff,,,,,,,,,,,,,,
993532,993532,1,,,,,,,,2,,,,,,,,,R18_P36_skill_2_1_ hit,,,,,,,,,,,,,,
993533,993533,1,,,,,,,,10,,1,0.2,,,,,,R18_P36_pet_01_skill_1_0_debuff,R18_P30_atk_1_0_hit_dot,,,,,,,,,,,,,
991510,991501,1,,,,,,,,10,,,,,1501,,,,,,,,,,,,,,,,,,
992512,992501,1,,,,,,,,8,,,,,2501,,,,FX_R18_p10_skill__2_Defense_down,,,,,,,,,,,,,,
999042,999042,1,,Icon\Item\Skill\Icon_Skill_P037_001,T_STATUS_BarTip_999042,,,,,15,,,,,9021,,,,R18_P37_skill_1_0_buff,,,,,1,,,,,,,6,999042-999043-999043-999044-999044-999044,
999043,999042,1,,Icon\Item\Skill\Icon_Skill_P037_001,T_STATUS_BarTip_999043,,,,,15,,,,,9022,,,,R18_P37_skill_1_0_buff (2),,,,,1,,,,,,,,,
999044,999042,1,,Icon\Item\Skill\Icon_Skill_P037_001,T_STATUS_BarTip_999044,,,,,15,,,,,9023,,,,R18_P37_skill_1_0_buff (3),,,,,1,,,,,,,,,
997029,997001,1,,,,,,,,2,,,,,,,,,FX_moba_p006__Skill_2_2_A,,3,1,,,,,,,,,,,
998021,998008,1,,,,,,,,5,,,,,,,,,FX_trap_buff_010,,,6,,1,,,,,1,,,,
999045,999045,1,,,,,,,,10,,,,,1017,,,,FX_R18_P13_Skill_2_Cri_Up,,,,,1,,,,,,,,,
996007,996001,2,,,,,,,2,10,,,,,,,,,R18_P37_skill_2_0_buff,,,,,1,,,,,,,,,
995004,995002,1,,,,,,,,10,,,,,5004,,,,FX_R18_P31_skill_1_buff,,,,,1,,,,,,,,,
993534,993525,2,,,,,,,,12,,1,0.45,,,,,,R18_P32_skill_2_1_debuff,R18_P32_atk_1_0_hit_dot,,,,,,,,,,,,,
997030,997001,1,,,,,,,,1.5,,,,,,,,,FX_moba_p006__Skill_2_2_A,,3,1,,,,,,,,,,,
998022,998022,1,,,,,,,,0.5,,,,,,,,,,,,,,1,,,,,,998021,,,
993535,993535,1,,,T_STATUS_BarTip_993520,,,,,0.5,,,0.4,,,,,,FX_R18_P26_skill_poison_1,,,,,,,,,,,,,,
993536,993535,2,,,T_STATUS_BarTip_993521,,,,,0.5,,,0.6,,,,,,FX_R18_P26_skill_poison_1,,,,,,,,,,,,,,
993537,993535,3,,,T_STATUS_BarTip_993537,,,,,0.5,,,0.9,,,,,,FX_R18_P26_skill_poison_1,,,,,,,,,,,,,,
993538,993535,4,,,T_STATUS_BarTip_993538,,,,,0.5,,,1.2,,,,,,FX_R18_P26_skill_poison_1,,,,,,,,,,,,,,
993539,993535,5,,,T_STATUS_BarTip_993539,,,,,0.5,,,1.5,,,,,,FX_R18_P26_skill_poison_1,,,,,,,,,,,,,,
994526,994502,4,,,,,,,,6,,,,,4502,,,,FX_trap_buff_001,,,,,,,,,,,,,,
994527,994501,1,,,,,,,,3,,,,,,,,,R18_P32_skill_1_1_debuff,,1,,,,,,,,,,,,
993015,993015,1,,,,,0.2,,,1,,,,,,,,,FX_trap_buff_002,,,,,1,,,,,,,,,
990017,990017,1,,,,,,,,5.5,0.5,1,,,,,,,,,,,1,1,991023-992029,15,Ally_Self,,,,,,
990018,990018,1,,,,,,,,5,0.1,6,,,,,,,,,,,1,1,998020-998016,999,Ally_Self,,,,,,
992029,992026,1,,,,,,,,15,,,,,2011,,,,,,,,,1,,,,,,,,,
990019,990015,1,,,,,,,,2,1,3,,,,,,,,,,,1,1,991026,15,Ally_Self,,,,,,
991026,991026,1,,,,,,,,10,,,,,1008,,,,FX_R18_p10_skill__2_Atk_up,,,,,1,,,,,,,,,
992513,992513,1,3,Icon\Item\Skill\Icon_Skill_P038_002,T_STATUS_BarTip_992513,1,,,,15,,,,,16310211,,,,R18_P38_skill_1_0_debuff_1-R18_P38_skill_1_0_debuff_2-R18_P38_skill_1_0_debuff_3,,,,,,,,,,,,,,
992514,992514,1,,,,,,,,1.5,,,,,,,,,R18_P38_skill_2_1_hit,,,,,,,,,,,997032,,,
992515,992515,1,,Icon\Item\Skill\Icon_Skill_P038_002,T_STATUS_BarTip_992515,,,,,15,,,,,9029,,,,R18_P38_skill_1_0_debuff_1,,,,,,,,,,,,6,992515-992516-992516-992517-992517-992517,
992516,992515,1,,Icon\Item\Skill\Icon_Skill_P038_002,T_STATUS_BarTip_992516,,,,,15,,,,,9030,,,,R18_P38_skill_1_0_debuff_2,,,,,,,,,,,,,,
992517,992515,1,,Icon\Item\Skill\Icon_Skill_P038_002,T_STATUS_BarTip_992517,,,,,15,,,,,9031,,,,R18_P38_skill_1_0_debuff_3,,,,,,,,,,,,,,
997031,997001,1,,,,,,,,2,,,,,,,,,FX_moba_p006__Skill_2_2_A,,3,1,,,,,,,,,,,
997032,997001,1,,,,,,,,1.5,,,,,,,,,FX_moba_p006__Skill_2_2_A,,3,1,,,,,,,,,,,
999046,999046,1,,Icon\Item\Skill\Icon_Skill_P034_002,T_STATUS_BarTip_999019,,,,,25,,,,,9024,,,,R18_P34_skill_1_0_buff,,,,,1,,,,,,,6,999046-999047-999047-999048-999048-999049-999049-999050-999050-999050,
999047,999046,1,,Icon\Item\Skill\Icon_Skill_P034_002,T_STATUS_BarTip_999020,,,,,25,,,,,9025,,,,R18_P34_skill_1_0_buff (2),,,,,1,,,,,,,,,
999048,999046,1,,Icon\Item\Skill\Icon_Skill_P034_002,T_STATUS_BarTip_999021,,,,,25,,,,,9026,,,,R18_P34_skill_1_0_buff (3),,,,,1,,,,,,,,,
999049,999046,1,,Icon\Item\Skill\Icon_Skill_P034_002,T_STATUS_BarTip_999049,,,,,25,,,,,9027,,,,R18_P34_skill_1_0_buff (4),,,,,1,,,,,,,,,
999050,999046,1,,Icon\Item\Skill\Icon_Skill_P034_002,T_STATUS_BarTip_999050,,,,,25,,,,,9028,,,,R18_P34_skill_1_0_buff (5),,,,,1,,,,,,,,,
999051,999051,1,,,,,,,,1.8,,,,,,,,,,,,,,1,,,,,,999047,,,
999052,999046,99,,,,,,,,0.3,,,,,,,,,,,,,,1,,,,,,,,,
998023,998007,99,,,,,,,,1.5,,,,,8007,,,,FX_trap_buff_015,,,8,,1,,,,,,,1,,
999053,999053,1,,,,,,,,10,,,,,1018,,,,FX_R18_P13_Skill_2_Cri_Up,,,,,1,,,,,,,,,
993016,993016,1,,,,,0.08,,,1,,,,,,,,,FX_trap_buff_002,,,,,1,,,,,,,,,
996008,996001,1,,,,,,,1,12,,,,,,,,,R18_P37_skill_2_0_buff,,,,,1,,,,,,,,,
996009,996001,2,,,,,,,2,12,,,,,,,,,R18_P37_skill_2_0_buff,,,,,1,,,,,,,,,
996010,996001,3,,,,,,,3,12,,,,,,,,,R18_P37_skill_2_0_buff,,,,,1,,,,,,,,,
993540,993540,1,,,,,,,,10,,,,,,,,,R18_P39_skill_1_0_debuff,,,,,,,,,,,,,,
993541,993541,1,,,,,,,,1,,,,,,,,,,,,,,,,,,,,,,,
993543,993543,1,,,,,,,,60,,,,,993543,,,,,,,,,1,,,,,,,,,
993544,993544,1,,,,,,,,2,,,0.2,,,,,,R18_P39_skill_1_1_hit,,,,,,,,,,,,,,
990020,990020,1,,,,,,,,2,1,3,,,,,,,,,,,1,1,999054,15,Ally_Self,,,,,,
999054,999054,1,,,,,,,,10,,,,,1019,,,,FX_R18_P13_Skill_2_CriDmg_Up,,,,,1,,,,,,,,,
995005,995001,1,,,,,,,,10,,,,,5003,,,,FX_R18_P31_skill_1_buff,,,,,1,,,,,,,,,
999055,999055,1,,Icon\Item\Skill\Icon_Skill_P035_002,T_STATUS_BarTip_999055,,,,,10,,,,,2012,,,,,,,,,,,,,,,,,,
990021,990021,1,,,,,,,,1,,,,,,,,,,,,,1,1,992028-999056,999,Ally_Self,,,,,,
999056,999056,1,,,,,,,,10,,,,,993542,,,,R18_P35_skill_2_0_buff,,,,,1,,,,,,,,,
993542,993542,1,,,,,,,,1,,,1.04,,,,,,R18_P35_skill_2_1_debuff,R18_P35_skill_2_1_hit_dot,,,,,,,,,,,,,
999057,999057,1,,Icon\Icon01_Head\Icon01_Head_S_P35,T_STATUS_BarTip_999057,,,,,60,,,,,1020,,,,,,,,,1,,,,,,,,,
999058,999057,99,,,,,,,,0.2,,,,,,,,,,,,,,1,,,,,,,,,
999059,999059,1,,Icon\Icon10_ElvHead\Icon01_Head_S_E014,T_STATUS_BarTip_999059,,,,,15,,,,,9032,,,,,,,,,,,,,,,,,,
999060,999059,2,,Icon\Icon10_ElvHead\Icon01_Head_S_E014,T_STATUS_BarTip_999060,,,,,15,,,,,9033,,,,,,,,,,,,,,,,,,
999061,999059,3,,Icon\Icon10_ElvHead\Icon01_Head_S_E014,T_STATUS_BarTip_999061,,,,,15,,,,,9034,,,,,,,,,,,,,,,,,,
999062,999059,4,,Icon\Icon10_ElvHead\Icon01_Head_S_E014,T_STATUS_BarTip_999062,,,,,15,,,,,9035,,,,,,,,,,,,,,,,,,
999063,999059,5,,Icon\Icon10_ElvHead\Icon01_Head_S_E014,T_STATUS_BarTip_999063,,,,,15,,,,,9036,,,,,,,,,,,,,,,,,,
990022,990022,1,,,,,,,,1,,,,,,,,,,,,,1,1,999064,999,Ally_Self,,,,,,
990023,990022,2,,,,,,,,1,,,,,,,,,,,,,1,1,999065,999,Ally_Self,,,,,,
990024,990022,3,,,,,,,,1,,,,,,,,,,,,,1,1,999066,999,Ally_Self,,,,,,
990025,990022,4,,,,,,,,1,,,,,,,,,,,,,1,1,999067,999,Ally_Self,,,,,,
990026,990022,5,,,,,,,,1,,,,,,,,,,,,,1,1,999068,999,Ally_Self,,,,,,
999064,999064,1,,Icon\Icon10_ElvHead\Icon01_Head_S_E014,T_STATUS_BarTip_999064,,,,,15,,,,,9037,,,,,,,,,1,,,,,,,,,
999065,999064,2,,Icon\Icon10_ElvHead\Icon01_Head_S_E014,T_STATUS_BarTip_999065,,,,,15,,,,,9038,,,,,,,,,1,,,,,,,,,
999066,999064,3,,Icon\Icon10_ElvHead\Icon01_Head_S_E014,T_STATUS_BarTip_999066,,,,,15,,,,,9039,,,,,,,,,1,,,,,,,,,
999067,999064,4,,Icon\Icon10_ElvHead\Icon01_Head_S_E014,T_STATUS_BarTip_999067,,,,,15,,,,,9040,,,,,,,,,1,,,,,,,,,
999068,999064,5,,Icon\Icon10_ElvHead\Icon01_Head_S_E014,T_STATUS_BarTip_999068,,,,,15,,,,,9041,,,,,,,,,1,,,,,,,,,
990027,990027,1,,,,,,,,999,,5,,,,,,,,,,,1,1,991511,999,Enemy,,,,,,
991511,991502,1,,Icon\Icon10_ElvHead\Summon_Icon_E014,T_STATUS_BarTip_991511,,,,,999,,,,,9042,,,,,,,,,,,,,,,,,,
990028,990028,1,,,,,,,,1,,,,,,,,,,,,,1,1,993543,999,Ally_Self,,,,,,
991027,991027,1,,Icon\Item\Skill\Icon_Skill_P040_002,T_STATUS_BarTip_991027,,,,,25,,,,,1024,,,,R18_P40_skill_1_0_buff,,,,,1,,,,,,,6,991027-991028-991028-991029-991029-991030-991030-991030,
991028,991027,1,,Icon\Item\Skill\Icon_Skill_P040_002,T_STATUS_BarTip_991028,,,,,25,,,,,1025,,,,R18_P40_skill_1_0_buff (2),,,,,1,,,,,,,,,
991029,991027,1,,Icon\Item\Skill\Icon_Skill_P040_002,T_STATUS_BarTip_991029,,,,,25,,,,,1026,,,,R18_P40_skill_1_0_buff (3),,,,,1,,,,,,,,,
991030,991027,1,,Icon\Item\Skill\Icon_Skill_P040_002,T_STATUS_BarTip_991030,,,,,25,,,,,1027,,,,R18_P40_skill_1_0_buff (4),,,,,1,,,,,,,,,
991031,991031,1,,,,,,,,1,,,,,,,,,,,,,,,,,,,,,,,
993545,993545,1,,,,,,,,8,,1,0.15,,,,,,,,,,,,,,,,,,,,
993546,993546,1,,Icon\Item\Skill\Icon_Skill_P040_003,T_STATUS_BarTip_993546,,,,,1,,1,0.2,,993545,,-6,,R18_P40_skill_2_0_buff,R18_P40_skill_2_0_hit_dot,,,,,,,,,,,6,993546-993547-993547-993548-993548-993548,
993547,993546,1,,Icon\Item\Skill\Icon_Skill_P040_003,T_STATUS_BarTip_993547,,,,,1,,1,0.4,,993545,,-12,,R18_P40_skill_2_1_buff (2),R18_P40_skill_2_0_hit_dot,,,,,,,,,,,,,
993548,993546,1,,Icon\Item\Skill\Icon_Skill_P040_003,T_STATUS_BarTip_993548,,,,,1,,1,0.6,,993545,,-18,,R18_P40_skill_2_1_buff (3),R18_P40_skill_2_0_hit_dot,,,,,,,,,,,,,
993549,993546,99,,,,,,,,9999,,,,,,,,,,,,,,1,993549,,,,,,,,
993550,993546,98,,,,,,,,9999,,,,,,,,,,,,,,,,,,,,,,,
990029,990029,1,,,,,,,,2,1,1,,,,,,,FX_R18_P40_skill_Debuff,,,,1,1,993546-990030,15,Ally_Self,,,,,,
990030,990030,1,,,,,,,,2,1,1,,,,,,,FX_R18_P40_skill_Debuff,,,,1,1,993546-990031,15,Ally_Self,,,,,,
990031,990031,1,,,,,,,,2,1,1,,,,,,,FX_R18_P40_skill_Debuff,,,,1,1,993546-990032,15,Ally_Self,,,,,,
990032,990032,1,,,,,,,,2,1,1,,,,,,,FX_R18_P40_skill_Debuff,,,,1,1,993546-990033,15,Ally_Self,,,,,,
990033,990033,1,,,,,,,,2,1,1,,,,,,,FX_R18_P40_skill_Debuff,,,,1,1,993546-990034,15,Ally_Self,,,,,,
990034,990034,1,,,,,,,,2,1,1,,,,,,,FX_R18_P40_skill_Debuff,,,,1,1,993546-990035,15,Ally_Self,,,,,,
990035,990035,1,,,,,,,,2,1,1,,,,,,,FX_R18_P40_skill_Debuff,,,,1,1,993546-990036,15,Ally_Self,,,,,,
990036,990036,1,,,,,,,,2,1,1,,,,,,,FX_R18_P40_skill_Debuff,,,,1,1,993546,15,Ally_Self,,,,,,
990037,990037,1,,,,,,,,2,1,1,,,,,,,FX_R18_P40_skill_Debuff,,,,1,1,993546-990038,15,Ally_Self,,,,,,
990038,990038,1,,,,,,,,2,1,1,,,,,,,FX_R18_P40_skill_Debuff,,,,1,1,993546,15,Ally_Self,,,,,,
990039,990039,1,,,,,,,,2,1,1,,,,,,,FX_R18_P40_skill_Debuff,,,,1,1,993546-990040,15,Enemy,,,,,,
990040,990040,1,,,,,,,,2,1,1,,,,,,,FX_R18_P40_skill_Debuff,,,,1,1,993546-990041,15,Enemy,,,,,,
990041,990041,1,,,,,,,,2,1,1,,,,,,,FX_R18_P40_skill_Debuff,,,,1,1,993546-990042,15,Enemy,,,,,,
990042,990042,1,,,,,,,,2,1,1,,,,,,,FX_R18_P40_skill_Debuff,,,,1,1,993546-990043,15,Enemy,,,,,,
990043,990043,1,,,,,,,,2,1,1,,,,,,,FX_R18_P40_skill_Debuff,,,,1,1,993546-990044,15,Enemy,,,,,,
990044,990044,1,,,,,,,,2,1,1,,,,,,,FX_R18_P40_skill_Debuff,,,,1,1,993546-990045,15,Enemy,,,,,,
990045,990045,1,,,,,,,,2,1,1,,,,,,,FX_R18_P40_skill_Debuff,,,,1,1,993546-990046,15,Enemy,,,,,,
990046,990046,1,,,,,,,,2,1,1,,,,,,,FX_R18_P40_skill_Debuff,,,,1,1,993546,15,Enemy,,,,,,
999069,999069,1,8,Icon\Icon10_ElvHead\Icon01_Head_S_E007,T_STATUS_BarTip_999069,1,,,,15,,,,,9044,,,,,,,,,,,,,,,,,,
993017,993017,1,,,,,,,,1,,,1.5,,,,,,FX_trap_buff_002,,,,,1,,,,,,,,,
993551,993551,1,,,,,,,,0.5,,,0.6,,,,,,,,,,,,,,,,,,,,
993552,993551,2,,,,,,,,0.5,,,0.8,,,,,,,,,,,,,,,,,,,,
993553,993551,3,,,,,,,,0.5,,,1,,,,,,,,,,,,,,,,,,,,
993554,993551,4,,,,,,,,0.5,,,1.2,,,,,,,,,,,,,,,,,,,,
993555,993551,5,,,,,,,,0.5,,,1.6,,,,,,,,,,,,,,,,,,,,
994528,994506,1,,,,,,,,3,,,,,,,,,FX_trap_buff_020,,2,,,,,,,,,,,,
994005,994001,1,,,,,,,,10,,,,,9043,,,,FX_trap_buff_004,,,,,1,,,,,,,,,
998024,998024,1,,,,,,,,5,,,,,,,,,,,,,,,,,,,,,8,990027-999040-993016-130021-130022-130023-130073-3001-3002-3004-5004-5005-993001-993002-993005-993007-990010-993010-993012-993013-993014-993017-990005-993006-993008-993009-999011-990013-993015-5009-5013,
999070,999070,1,,Icon\Item\Skill\Icon_Skill_P041_002,T_STATUS_BarTip_999070,,,,,15,,,,,9045,,,,R18_P41_skill_1_0_buff,,,,,1,,,,,,,6,999070-999071-999071-999072-999072-999072,
999071,999070,1,,Icon\Item\Skill\Icon_Skill_P041_002,T_STATUS_BarTip_999071,,,,,15,,,,,9046,,,,R18_P41_skill_1_0_buff (2),,,,,1,,,,,,,,,
999072,999070,1,,Icon\Item\Skill\Icon_Skill_P041_002,T_STATUS_BarTip_999072,,,,,15,,,,,9047,,,,R18_P41_skill_1_0_buff (3),,,,,1,,,,,,,,,
991032,991032,1,,,,,,,,10,,,,,9048,,,,FX_R18_p10_skill__2_Atk_up,,,,,1,,,,,,,,,
996011,996001,3,,,,,,,3,10,,,,,,,,,R18_P37_skill_2_0_buff,,,,,1,,,,,,,,,
999073,999073,1,,,,,,,,1,0.4,1,0.25,,,,,,,FX_R18_FE005_act_1_hit,,,,,,,,,,,,,
992030,992030,1,6,Icon\Icon10_ElvHead\Icon01_Head_S_E013,T_STATUS_BarTip_992030,1,,,,15,,,,,140024,,,,,,,,,1,,,,,,,,,
998025,998016,99,,,,,,,,2,,,,,,,,,FX_R18_P14_skill_2_buff,,,,,1,,,,,,,3,,
998026,998016,99,,,,,,,,3,,,,,,,,,FX_R18_P14_skill_2_buff,,,,,1,,,,,,,3,,
998027,998016,99,,,,,,,,4,,,,,,,,,FX_R18_P14_skill_2_buff,,,,,1,,,,,,,3,,
998029,998016,99,,,,,,,,5,,,,,,,,,FX_R18_P14_skill_2_buff,,,,,1,,,,,,,3,,
990047,990047,1,,,,,,,,2,1,2,,,,,,,,,,,1,1,998029,999,Ally_Self,,,,,,
991033,991033,1,4,Icon\Item\Rune\Icon_Rune_Damage,,1,,,,15,,,,,3001,,,,,,,,,1,,,,,,,,,
995508,995501,1,,,,,,,,1,,,,,,,-20,,FX_R18_P14_skill_1_debuff,,,,,,,,,,,,,,
999074,999074,1,,,,,,,,1,0.4,1,0.25,,,,,,,FX_R18_FE005_act_1_hit,,,,,,,,,,,,,
991512,991501,1,,,,,,,,6,,,,,3007,,,,FX_R18_p10_skill__2_Atk_down,,,,,,,,,,,,,,
996012,996001,5,,,,,,,5,10,,,,,,,,,R18_P37_skill_2_0_buff,,,,,1,,,,,,,,,
993018,993018,1,,,,,0.05,,,1,,,,,,,,,FX_trap_buff_002,,,,,1,,,,,,,,,
996013,996001,3,,,,,,,,10,,,,,,,,,FX_R18_trap_buff_005,,,,,1,,,,,,,11,3-0.3-1,
998030,998030,99,,,,,,,,6,,,,,,,,,,,,,,,,,,,,,8,990027-999040-993016-130021-130022-130023-130073-3001-3002-3004-5004-5005-993001-993002-993005-993007-990010-993010-993012-993013-993014-993017-990005-993006-993008-993009-999011-990013-993015-5009-5013,
996014,996001,3,,,,,,,,10,,,,,,,,,FX_R18_trap_buff_005,,,,,1,,,,,,,11,7-0.12-1,
999075,999074,1,,,,,,,,1,0.4,1,0.3,,,,,,,FX_R18_FE005_act_1_hit,,,,,,,,,,,,,
991034,991034,1,,,,,,,,15,,,,,3015,,,,FX_R18_p10_skill__2_Atk_up,,,,,1,,,,,,,,,
998031,998007,99,,,,,,,,1,,,,,8007,,,,FX_trap_buff_015,,,8,,1,,,,,,,1,,
994529,994506,1,,,,,,,,2,,,,,,,,,FX_trap_buff_020,,2,,,,,,,,,,,,
995509,995501,1,,,,,,,,1,,,,,,,-50,,FX_R18_P14_skill_1_debuff,,,,,,,,,,,,,,
993019,993019,1,,,,,,,,888,,8,0.08,,,,,,FX_trap_buff_002,,,,,1,,,,,,,,,
996015,996001,1,,,,,,,,10,,,,,,,,,FX_R18_trap_buff_005,,,,,1,,,,,,,11,3-0.03-1,
996016,996001,1,,,,,,,,10,,,,,,,,,FX_R18_trap_buff_005,,,,,1,,,,,,,11,3-0.04-1,
996017,996001,1,,,,,,,,10,,,,,,,,,FX_R18_trap_buff_005,,,,,1,,,,,,,11,3-0.05-1,
996018,996001,1,,,,,,,,10,,,,,,,,,FX_R18_trap_buff_005,,,,,1,,,,,,,11,3-0.06-1,
996019,996001,1,,,,,,,,10,,,,,,,,,FX_R18_trap_buff_005,,,,,1,,,,,,,11,3-0.07-1,
996020,996001,1,,,,,,,,10,,,,,,,,,FX_R18_trap_buff_005,,,,,1,,,,,,,11,3-0.08-1,
996021,996001,1,,,,,,,,10,,,,,,,,,FX_R18_trap_buff_005,,,,,1,,,,,,,11,3-0.09-1,
996022,996001,1,,,,,,,,10,,,,,,,,,FX_R18_trap_buff_005,,,,,1,,,,,,,11,3-0.1-1,
996023,996001,1,,,,,,,,10,,,,,,,,,FX_R18_trap_buff_005,,,,,1,,,,,,,11,3-0.11-1,
996024,996001,1,,,,,,,,10,,,,,,,,,FX_R18_trap_buff_005,,,,,1,,,,,,,11,3-0.12-1,
999076,999076,1,,,,,,,,888,,,,,3022,,,,FX_R18_P13_Skill_2_CriDmg_Up,,,,,1,,,,,,,,,
999077,999076,2,,,,,,,,888,,,,,3023,,,,FX_R18_P13_Skill_2_CriDmg_Up,,,,,1,,,,,,,,,
999078,999076,3,,,,,,,,888,,,,,3024,,,,FX_R18_P13_Skill_2_CriDmg_Up,,,,,1,,,,,,,,,
999079,999076,4,,,,,,,,888,,,,,3025,,,,FX_R18_P13_Skill_2_CriDmg_Up,,,,,1,,,,,,,,,
999080,999076,5,,,,,,,,888,,,,,3026,,,,FX_R18_P13_Skill_2_CriDmg_Up,,,,,1,,,,,,,,,
999081,999076,6,,,,,,,,888,,,,,3027,,,,FX_R18_P13_Skill_2_CriDmg_Up,,,,,1,,,,,,,,,
999082,999076,7,,,,,,,,888,,,,,3028,,,,FX_R18_P13_Skill_2_CriDmg_Up,,,,,1,,,,,,,,,
999083,999076,8,,,,,,,,888,,,,,3029,,,,FX_R18_P13_Skill_2_CriDmg_Up,,,,,1,,,,,,,,,
999084,999076,9,,,,,,,,888,,,,,3030,,,,FX_R18_P13_Skill_2_CriDmg_Up,,,,,1,,,,,,,,,
999085,999076,10,,,,,,,,888,,,,,3031,,,,FX_R18_P13_Skill_2_CriDmg_Up,,,,,1,,,,,,,,,
999086,999076,99,,,,,,,,1,,,,,,,,,,,,,,1,,,,,,,,,
991035,991033,2,,,,,,,,35,,,,,9039,,,,,,,,,1,,,,,,,,,1
997501,997501,1,,,,,,,,10,,,,,,,,,FX_trap_buff_021,,,,,,,,,,,,10,,
990048,990048,1,,,,,,,,10.5,0.2,1,,,990048,,,,FX_R18_P42_skill_2_0_Buff,,,,1,1,993556,15,Enemy,,,,,,
993556,993509,1,,,,,,,,1,,,0.3,,,,,,FX_R18_P15_skill_2_hit,,,,,,,,,,,,,,
995006,995001,1,,,,,,,,1,,,,,,,96,,FX_R18_P31_skill_1_buff,,,,,1,,,,,,,,,
990049,990049,1,,,,,,,,1,0.2,1,,,,,,,,,,,1,1,995007,15,Ally_Self,,,,,,
995007,995001,1,,,,,,,,1,,,,,,,144,,FX_R18_P31_skill_1_buff,,,,,1,,,,,,,,,
992031,992031,1,,,,,,,,888,,,,,992031,,,,FX_R18_P31_skill_1_buff,,,,,1,,,,,,,,,
38006,992031,98,,,,,,,,1,,,,,,,,,,,,,,1,,,,,,,,,
992518,992518,1,,,,,,,,1.5,,,,,,,,,R18_P38_skill_2_1_hit,,,,,,,,,,,997031,,,
1301161,130116,99,,,,,,,,3,,,,,,,,,,,,,,,,,,,,,,,
1631013,1631013,1,,,,,,,,3600,,,,,16310131,,,,FX_R18_p10_skill__2_Atk_up,,,,,1,,,,,,,,,
1631014,1631013,1,,,,,,,,3600,,,,,16310141,,,,FX_R18_p10_skill__2_Atk_up,,,,,1,,,,,,,,,
1631015,1631013,1,,,,,,,,3600,,,,,16310151,,,,FX_R18_p10_skill__2_Atk_up,,,,,1,,,,,,,,,
1631016,1631013,1,,,,,,,,3600,,,,,16310161,,,,FX_R18_p10_skill__2_Atk_up,,,,,1,,,,,,,,,
1631025,1631025,1,,,,,,,,3600,,,,,16310251,,,,FX_R18_p10_skill__2_Atk_up,,,,,1,,,,,,,,,
1631026,1631025,1,,,,,,,,3600,,,,,16310261,,,,FX_R18_p10_skill__2_Atk_up,,,,,1,,,,,,,,,
1631027,1631025,1,,,,,,,,3600,,,,,16310271,,,,FX_R18_p10_skill__2_Atk_up,,,,,1,,,,,,,,,
1631028,1631025,1,,,,,,,,3600,,,,,16310281,,,,FX_R18_p10_skill__2_Atk_up,,,,,1,,,,,,,,,
1631017,1631017,2,,,,,,,,10,,,,,16310171,,,,FX_R18_p10_skill__2_Atk_down,,,,,,,,,,,,,,
1631018,1631017,3,,,,,,,,10,,,,,16310181,,,,FX_R18_p10_skill__2_Atk_down,,,,,,,,,,,,,,
1631019,1631017,4,,,,,,,,10,,,,,16310191,,,,FX_R18_p10_skill__2_Atk_down,,,,,,,,,,,,,,
1631020,1631017,5,,,,,,,,10,,,,,16310201,,,,FX_R18_p10_skill__2_Atk_down,,,,,,,,,,,,,,
1631021,1631021,2,,,,,,,,1.1,,,,,16310211,,,,FX_R18_p10_skill__2_Defense_down,,,,,,,,,,,,,,
1631022,1631021,3,,,,,,,,1.1,,,,,16310221,,,,FX_R18_p10_skill__2_Defense_down,,,,,,,,,,,,,,
1631023,1631021,4,,,,,,,,1.1,,,,,16310231,,,,FX_R18_p10_skill__2_Defense_down,,,,,,,,,,,,,,
1631024,1631021,5,,,,,,,,1.1,,,,,16310241,,,,FX_R18_p10_skill__2_Defense_down,,,,,,,,,,,,,,
1631037,1631037,2,,,,,,,,8,,,,,16310371,,,,FX_R18_p10_skill__2_Atk_up,,,,,1,,,,,,,,,
1631038,1631037,3,,,,,,,,8,,,,,16310381,,,,FX_R18_p10_skill__2_Atk_up,,,,,1,,,,,,,,,
1631039,1631037,4,,,,,,,,8,,,,,16310391,,,,FX_R18_p10_skill__2_Atk_up,,,,,1,,,,,,,,,
1631040,1631037,5,,,,,,,,8,,,,,16310401,,,,FX_R18_p10_skill__2_Atk_up,,,,,1,,,,,,,,,
1641009,1641009,1,,,,,,,,6,,,,,16410091,,,,FX_R18_p10_skill__2_Atk_up,,,,,1,,,,,,,,,
1641010,1641009,2,,,,,,,,6,,,,,16410101,,,,FX_R18_p10_skill__2_Atk_up,,,,,1,,,,,,,,,
1641011,1641009,3,,,,,,,,6,,,,,16410111,,,,FX_R18_p10_skill__2_Atk_up,,,,,1,,,,,,,,,
1641012,1641009,4,,,,,,,,6,,,,,16410121,,,,FX_R18_p10_skill__2_Atk_up,,,,,1,,,,,,,,,
